x_pos,y_pos,x_vel,y_vel,angle,ang_vel,leg_1,leg_2,main_booster,lat_booster
-0.0015764236450195,1.403362274169922,-0.1592358946800232,-0.3359085917472839,0.0014242224860936,0.0280691143125295,0.0,0.0,-0.6341364979743958,0.7070913314819336
-0.0031439780723303,1.3955618143081665,-0.1562408059835434,-0.3466844856739044,0.000912427669391,-0.0102360444143414,0.0,0.0,-0.0177527070045471,0.4011807441711426
-0.0047610281035304,1.3874986171722412,-0.1607992798089981,-0.3583658933639526,2.120582757925149e-05,-0.0178262647241354,0.0,0.0,-0.2489781379699707,0.3762956857681274
-0.0064256666228175,1.3791730403900146,-0.1651723086833953,-0.3700280487537384,-0.0012486848281696,-0.0254002157598733,0.0,0.0,0.0250337123870849,0.4011614322662353
-0.0080554010346531,1.3711917400360107,-0.161691814661026,-0.3547200560569763,-0.0025125497486442,-0.0252798609435558,0.0,0.0,0.1143581867218017,0.8764333724975586
-0.009550666436553,1.3634958267211914,-0.1461715251207351,-0.3420499563217163,-0.0058387536555528,-0.0665302127599716,0.0,0.0,-0.1566417813301086,0.7527090311050415
-0.0110308649018406,1.3555374145507812,-0.1428228467702865,-0.3537387549877167,-0.0109725333750247,-0.1026849895715713,0.0,0.0,-0.4142204523086548,-0.2021066546440124
-0.0125508308410644,0.0,-0.1464346498250961,-0.3653965592384338,-0.0164779890328645,-0.1101194620132446,0.0,0.0,0.0153170824050903,0.6105179786682129
-0.0140605922788381,1.3396120071411133,-0.1437986642122268,-0.3425395786762237,-0.0235738903284072,-0.141930878162384,0.0,0.0,-0.1707475781440735,0.2696840763092041
-0.0156063083559274,1.3316454887390137,-0.1470299065113067,-0.3542081713676452,-0.0310370307415723,-0.1492766439914703,0.0,0.0,-0.1032633185386657,-0.3740007877349853
-0.0171862598508596,1.3234176635742188,-0.1500740051269531,-0.365868866443634,-0.0388659574091434,-0.1565928757190704,0.0,0.0,0.4048070907592773,0.2545291185379028
-0.0187208168208599,1.3155982494354248,-0.1454640477895736,-0.3477593064308166,-0.0467731431126594,-0.1581581979990005,0.0,0.0,-0.3270189762115478,0.3055248260498047
-0.0202857963740825,1.307517409324646,-0.148139089345932,-0.359429270029068,-0.0550406649708747,-0.1653656214475631,0.0,0.0,-0.5994924902915955,0.1066737174987793
-0.0218791961669921,1.2991753816604614,-0.1506313681602478,-0.3710926473140716,-0.0636650696396827,-0.172504037618637,0.0,0.0,-0.3132416009902954,0.1712968349456787
-0.0234992988407611,1.2905724048614502,-0.1529442220926284,-0.3827579617500305,-0.0726430267095565,-0.1795753389596939,0.0,0.0,-0.4234441518783569,0.6996912956237793
-0.0250794403254985,1.281693696975708,-0.1469548195600509,-0.3951856195926666,-0.0836156904697418,-0.2194732725620269,0.0,0.0,-0.4615117907524109,0.6834195852279663
-0.026616096496582,1.2725545167922974,-0.1405822485685348,-0.4069665074348449,-0.0965997949242591,-0.2597057819366455,0.0,0.0,-0.5673266649246216,-0.7208878993988037
-0.0282174106687307,1.263155817985535,-0.1478336155414581,-0.4185625314712524,-0.1088305413722992,-0.2446368187665939,0.0,0.0,-0.7375389933586121,0.1026636362075805
-0.0298382751643657,1.2534973621368408,-0.1494551599025726,-0.4302372634410858,-0.1213974803686142,-0.2513618469238281,0.0,0.0,-0.7163413763046265,-0.6617783904075623
-0.0315357223153114,1.2435892820358276,-0.1583000868558883,-0.4413273930549621,-0.1327983140945434,-0.2280370742082595,0.0,0.0,-0.2230883836746215,0.2421772480010986
-0.0332491882145404,1.2334212064743042,-0.1596068739891052,-0.4530021250247955,-0.1445237547159195,-0.234529972076416,0.0,0.0,-0.191964566707611,-0.4788457751274109
-0.0349772460758686,1.2229931354522705,-0.1607606559991836,-0.4646782279014587,-0.1565661430358886,-0.2408695518970489,0.0,0.0,-0.7307338118553162,-0.0370888113975524
-0.0367182716727256,1.2123055458068848,-0.1617675274610519,-0.4763555526733398,-0.168918490409851,-0.2470693588256836,0.0,0.0,-0.0504713058471679,-0.8621070981025696
-0.0385310165584087,1.2013635635375977,-0.170196071267128,-0.487606406211853,-0.1800523996353149,-0.2226980477571487,0.0,0.0,-0.2817525863647461,-0.258930504322052
-0.0403539650142192,1.1901617050170898,-0.17092926800251,-0.4992830455303192,-0.1914806067943573,-0.2285844534635543,0.0,0.0,-0.5337086915969849,-0.5553264021873474
-0.042241383343935,1.178697109222412,-0.1784913539886474,-0.5108994841575623,-0.2018071711063385,-0.2065308988094329,0.0,0.0,-0.4683436155319214,-0.8351039290428162
-0.0442001335322856,1.166996955871582,-0.1870061010122299,-0.5212409496307373,-0.2107384204864502,-0.1786246746778488,0.0,0.0,-0.1957064270973205,-0.4349448680877685
-0.0461650863289833,1.155036449432373,-0.1873975992202758,-0.5329084396362305,-0.2199347913265228,-0.1839278042316436,0.0,0.0,-0.4489781856536865,-0.596828818321228
-0.0481904037296772,1.142838716506958,-0.1946453750133514,-0.5433134436607361,-0.2279186993837356,-0.1596782058477401,0.0,0.0,0.6682436466217041,-0.4209393262863159
-0.0501291267573833,1.131106972694397,-0.185663491487503,-0.5227019190788269,-0.2362415790557861,-0.1664577275514602,0.0,0.0,-0.3082817792892456,-0.7996413111686707
-0.0521286018192768,1.1191446781158447,-0.1930821985006332,-0.532777726650238,-0.2432214766740799,-0.1395980268716812,0.0,0.0,0.7535161972045898,-0.7987076640129089
-0.0541678443551063,1.1076494455337524,-0.1982708573341369,-0.5118460059165955,-0.2489794343709945,-0.1151588335633277,0.0,0.0,0.4366436004638672,-0.4504445195198059
-0.0561058036983013,1.096933126449585,-0.1876227110624313,-0.4773472249507904,-0.2552672326564789,-0.1257566213607788,0.0,0.0,-0.500126302242279,-0.4455487728118896
-0.0580435767769813,1.0859555006027222,-0.187442809343338,-0.489010602235794,-0.2617367506027221,-0.1293898373842239,0.0,0.0,-0.3612922430038452,-0.8643239140510559
-0.0600440986454486,1.0747439861297607,-0.1952299177646637,-0.4991554021835327,-0.266667366027832,-0.0986125171184539,0.0,0.0,0.4910345077514648,-0.7653015851974487
-0.0619025230407714,1.064280986785889,-0.1824265867471695,-0.4656532108783722,-0.2701606452465057,-0.069865696132183,0.0,0.0,0.267885684967041,-0.6145243048667908
-0.063733771443367,1.0540865659713743,-0.1807703375816345,-0.4535242319107055,-0.2725789546966553,-0.0483660325407981,0.0,0.0,0.4041227102279663,-0.3019547462463379
-0.0653566345572471,1.0445517301559448,-0.1599559634923935,-0.4242008924484253,-0.2749563753604889,-0.0475491620600223,0.0,0.0,-0.397560715675354,-0.0071554780006408
-0.0669754967093467,1.034754991531372,-0.159485712647438,-0.4358596801757812,-0.2774226367473602,-0.0493255108594894,0.0,0.0,0.1006779670715332,0.0184204578399658
-0.0684609413146972,1.025273084640503,-0.1461598575115203,-0.4218800365924835,-0.2798700630664825,-0.0489484593272209,0.0,0.0,-0.1739893555641174,0.7635152339935303
-0.0698925033211708,1.015514612197876,-0.1395066976547241,-0.4344120919704437,-0.2836328744888305,-0.0752560272812843,0.0,0.0,-0.5474669337272644,0.2543185949325561
-0.0713189095258712,1.005494236946106,-0.1389460265636444,-0.4460701644420624,-0.2874214947223663,-0.0757721811532974,0.0,0.0,-0.937343955039978,-0.3433906435966491
-0.0727394074201583,0.9952118396759032,-0.1383688449859619,-0.457727700471878,-0.291214257478714,-0.0758553296327591,0.0,0.0,-0.7865608334541321,-0.1322779655456543
-0.0741538032889366,0.9846672415733336,-0.137781947851181,-0.4693847000598907,-0.2949894070625305,-0.0755030140280723,0.0,0.0,-0.4763503074645996,-0.8071826100349426
-0.0756287574768066,0.9738809466362,-0.1455672234296798,-0.4797892868518829,-0.2969830632209778,-0.0398733243346214,0.0,0.0,-0.8103558421134949,-0.4521383047103882
-0.0770973190665245,0.9628319144248962,-0.1449806243181228,-0.4914444088935852,-0.2989156544208526,-0.0386522337794303,0.0,0.0,-0.4883108139038086,-0.8141196370124817
-0.0786151885986328,0.951541781425476,-0.1514377892017364,-0.5018613338470459,-0.2992820739746094,-0.0073285908438265,0.0,0.0,0.2116903066635131,-0.556162416934967
-0.0800733566284179,0.9409305453300476,-0.1465032398700714,-0.4714740216732025,-0.2985776662826538,0.0140883075073361,0.0,0.0,-0.0088912844657897,-0.8386673927307129
-0.0816005691885948,0.9300991296768188,-0.1555404067039489,-0.4808187186717987,-0.2956598699092865,0.0583560168743133,0.0,0.0,0.7258764505386353,-0.4024286270141601
-0.0829875022172927,0.9197770953178406,-0.1415663063526153,-0.4581777155399322,-0.2927000522613525,0.0591963343322277,0.0,0.0,0.6236927509307861,-0.3726056814193725
-0.0840712562203407,0.90993732213974,-0.1120352149009704,-0.4365926384925842,-0.2889243960380554,0.0755130499601364,0.0,0.0,-0.0800402164459228,-0.6532622575759888
-0.0852020233869552,0.8998631238937378,-0.118340253829956,-0.4467093348503113,-0.2835082113742828,0.1083235368132591,0.0,0.0,-0.7512891292572021,-0.6439216136932373
-0.0863675102591514,0.8895403742790222,-0.1230536699295044,-0.4575401246547699,-0.2768253982067108,0.1336561143398285,0.0,0.0,-0.7919144630432129,-0.36074298620224
-0.0875274688005447,0.8789551854133606,-0.1227285042405128,-0.4691950380802154,-0.2699249982833862,0.1380087435245514,0.0,0.0,-0.8207276463508606,-0.5942797064781189
-0.0887167006731033,0.8681196570396423,-0.1267847120761871,-0.4801561534404754,-0.2618866264820099,0.1607679575681686,0.0,0.0,-0.7999398708343506,0.1237936019897461
-0.0899013504385948,0.8570217490196228,-0.1265855431556701,-0.4918122887611389,-0.2535987198352813,0.1657583117485046,0.0,0.0,-0.7250040173530579,0.1155261993408203
-0.0910819992423057,0.8456615805625916,-0.1264575272798538,-0.5034686326980591,-0.2450466006994247,0.171042263507843,0.0,0.0,-0.9887527227401732,0.7466824054718018
-0.0921884551644325,0.8340156674385071,-0.1175124645233154,-0.5164688229560852,-0.2380674183368683,0.139583557844162,0.0,0.0,-0.9474040269851683,0.4362047910690307
-0.093292236328125,0.8221070766448975,-0.1175418272614479,-0.5281233787536621,-0.2307972013950348,0.1454047113656997,0.0,0.0,-0.9825341701507568,0.4845175743103027
-0.0943940132856369,0.8099361658096313,-0.1176580041646957,-0.5397781133651733,-0.2232236713171005,0.1514704078435897,0.0,0.0,-0.9835622906684875,0.3002820014953613
-0.0954946503043174,0.797502875328064,-0.1178658753633499,-0.5514333248138428,-0.2153354883193969,0.1577636897563934,0.0,0.0,-0.962874472141266,0.4434467554092407
-0.0965950042009353,0.7848072052001953,-0.1181701198220253,-0.5630887746810913,-0.2071219980716705,0.1642697602510452,0.0,0.0,-0.9903914332389832,0.8612151145935059
-0.0976160988211631,0.7718216180801392,-0.1085167080163955,-0.5762527585029602,-0.2006617784500122,0.1292044222354889,0.0,0.0,-0.9022647738456726,-0.2517229914665222
-0.0986387282609939,0.7585734724998474,-0.1090261563658714,-0.5879067182540894,-0.1938569992780685,0.1360954493284225,0.0,0.0,-0.983370006084442,-0.2164570093154907
-0.0996640175580978,0.7450627684593201,-0.1096448302268982,-0.5995610952377319,-0.1866990625858307,0.143158882856369,0.0,0.0,-0.9380495548248292,0.1272733211517334
-0.1006928458809852,0.7312895059585571,-0.1103765368461608,-0.6112160086631775,-0.1791799217462539,0.150382712483406,0.0,0.0,-0.9886484742164612,0.0333101749420166
-0.1017264351248741,0.7172540426254272,-0.1112248748540878,-0.6228715181350708,-0.1712921261787414,0.1577557027339935,0.0,0.0,-0.9532780051231384,0.8266916275024414
-0.1026939377188682,0.7029274702072144,-0.1031116992235183,-0.6360202431678772,-0.1649171561002731,0.1274997740983963,0.0,0.0,-0.741341233253479,0.182681918144226
-0.1036683097481727,0.6883383989334106,-0.1042025238275528,-0.6476746797561646,-0.1581601202487945,0.135140836238861,0.0,0.0,-0.8881493210792542,-0.125259518623352
-0.1046509742736816,0.6734866499900818,-0.1054192781448364,-0.6593296527862549,-0.1510150283575058,0.1429018527269363,0.0,0.0,-0.7653696537017822,0.6715136766433716
-0.1055983528494834,0.6583651900291443,-0.1011486873030662,-0.6714288592338562,-0.1446133404970169,0.1280337870121002,0.0,0.0,-0.4022644758224487,0.3217313289642334
-0.1065563187003135,0.6429811716079712,-0.1026243343949318,-0.683083713054657,-0.1378128230571746,0.1360104978084564,0.0,0.0,-0.2978588342666626,0.8613564968109131
-0.1074724197387695,0.6273332238197327,-0.0974842309951782,-0.6949307322502136,-0.1319571137428283,0.1171142011880874,0.0,0.0,-0.153638482093811,0.5666940212249756
-0.1083519011735916,0.6114129424095154,-0.0929671004414558,-0.7071393132209778,-0.1269634366035461,0.0998737961053848,0.0,0.0,0.2701684236526489,0.4188289642333984
-0.1092336624860763,0.5956821441650391,-0.0934878066182136,-0.6987013220787048,-0.1216772198677063,0.105724312365055,0.0,0.0,0.5151078701019287,0.8443198204040527
-0.109960176050663,0.5800988674163818,-0.0767927318811416,-0.6922591328620911,-0.1175659522414207,0.0822253674268722,0.0,0.0,0.3430145978927612,0.2464213371276855
-0.1106971725821495,0.5646684765815735,-0.0781393200159072,-0.6854536533355713,-0.1131534501910209,0.0882498621940612,0.0,0.0,0.7213916778564453,0.4348354339599609
-0.111368179321289,0.550208568572998,-0.0719213932752609,-0.6423013210296631,-0.1083577722311019,0.0959136039018631,0.0,0.0,-0.7551499605178833,0.7205331325531006
-0.1119943633675575,0.5354827046394348,-0.0662400424480438,-0.654222309589386,-0.1047609001398086,0.0719372481107711,0.0,0.0,-0.2050139307975769,0.7818375825881958
-0.11259126663208,0.5204941034317017,-0.0624700300395488,-0.6659688949584961,-0.1020000800490379,0.055216658860445,0.0,0.0,0.3698340654373169,0.2869385480880737
-0.1132894530892372,0.5056688785552979,-0.0725498646497726,-0.6587145924568176,-0.0993029028177261,0.0539436861872673,0.0,0.0,0.3538488149642944,0.3566923141479492
-0.1139146834611892,0.4915429353713989,-0.0658326148986816,-0.6276039481163025,-0.0960175171494484,0.0657078549265861,0.0,0.0,-0.2920976877212524,0.212029218673706
-0.1145651787519455,0.4771543443202972,-0.0688112154603004,-0.6392576098442078,-0.0922943726181984,0.0744631066918373,0.0,0.0,0.2258124351501464,0.6731040477752686
-0.115188218653202,0.463255912065506,-0.065081238746643,-0.6175369024276733,-0.0895377174019813,0.055133044719696,0.0,0.0,0.4942300319671631,0.3940869569778442
-0.1157934218645095,0.4500412046909332,-0.0636981278657913,-0.5871357321739197,-0.0863887667655944,0.062979020178318,0.0,0.0,-0.8447872996330261,0.9398849010467528
-0.1163430213928222,0.4365528523921966,-0.0564310476183891,-0.5993967056274414,-0.0849392339587211,0.0289906598627567,0.0,0.0,0.2497599124908447,0.725593090057373
-0.1168244332075119,0.4231718480587005,-0.0486174300312995,-0.5946868062019348,-0.0844650864601135,0.0094829583540558,0.0,0.0,0.3310930728912353,0.2270047664642334
-0.117235854268074,0.4100034236907959,-0.0424170196056366,-0.5851909518241882,-0.0831969529390335,0.0253626145422458,0.0,0.0,0.5247215032577515,0.6028811931610107
-0.1174420341849327,0.3973355293273926,-0.0214767642319202,-0.562968909740448,-0.0823453217744827,0.0170325823128223,0.0,0.0,0.4028944969177246,0.7793526649475098
-0.117461584508419,0.384875625371933,-0.0018939996371045,-0.5537776947021484,-0.0824082568287849,-0.0012589095858857,0.0,0.0,-0.0805009007453918,0.857609748840332
-0.1174492835998535,0.3721508681774139,0.0025454475544393,-0.5656172037124634,-0.0837086290121078,-0.0260074790567159,0.0,0.0,0.4720101356506347,0.1584876775741577
-0.1173895820975303,0.3601701259613037,0.0066986577585339,-0.532518208026886,-0.0844268724322319,-0.0143649578094482,0.0,0.0,0.175169825553894,-0.6264006495475769
-0.1172781959176063,0.348631888628006,0.0099809663370251,-0.5127447247505188,-0.0832889005541801,0.0227599050849676,0.0,0.0,0.3037320375442505,0.834059476852417
-0.1170287132263183,0.3371877372264862,0.0249315798282623,-0.5086300373077393,-0.0832681059837341,0.000415954797063,0.0,0.0,0.7606663703918457,0.5716564655303955
-0.1167886704206466,0.3262921571731567,0.024836802855134,-0.484292984008789,-0.0840879306197166,-0.0163968317210674,0.0,0.0,0.1005506515502929,-0.1086113452911377
-0.116485022008419,0.3159858286380768,0.0304732415825128,-0.4580670297145843,-0.0841875299811363,-0.0019918582402169,0.0,0.0,-0.4062584638595581,0.093427300453186
-0.1162230521440506,0.3054166436195373,0.0258281640708446,-0.4697201550006866,-0.0838266685605049,0.0072172717191278,0.0,0.0,-0.1063055396080017,0.2041300535202026
-0.116003893315792,0.2945847511291504,0.0210895612835884,-0.4813732504844665,-0.0830044150352478,0.0164449512958526,0.0,0.0,0.0728183984756469,0.2247679233551025
-0.1157344803214073,0.2841603755950928,0.0253888554871082,-0.4632183015346527,-0.0814584642648696,0.030918950214982,0.0,0.0,0.1305415630340576,0.014089822769165
-0.1155041679739952,0.2742452919483185,0.0211750995367765,-0.4405689537525177,-0.0796189606189727,0.0367900766432285,0.0,0.0,-0.5931968092918396,-0.1059568524360656
-0.1153190582990646,0.2640675604343414,0.0161819551140069,-0.4522224962711334,-0.0773157477378845,0.0460643023252487,0.0,0.0,-0.1185457706451416,0.4114303588867187
-0.1151800155639648,0.2536271810531616,0.0111130159348249,-0.4638762474060058,-0.0745481923222541,0.0553509816527366,0.0,0.0,0.535244345664978,0.8706130981445312
-0.1150986701250076,0.2437668144702911,0.0067883925512433,-0.4381714165210724,-0.0732149481773376,0.0266649909317493,0.0,0.0,-0.49931800365448,0.9342392683029176
-0.1150094047188758,0.2336355000734329,0.0085123926401138,-0.4502576291561126,-0.0728124901652336,0.0080493167042732,0.0,0.0,0.6492775678634644,0.1083159446716308
-0.1148104667663574,0.2243032753467559,0.0185179896652698,-0.414701908826828,-0.0714551284909248,0.0271471701562404,0.0,0.0,-0.729454517364502,0.7375106811523438
-0.1145963668823242,0.2146948873996734,0.0212125089019536,-0.4270253777503967,-0.0712515413761138,0.0040714684873819,0.0,0.0,-0.1801707744598388,0.86582350730896
-0.1143460273742675,0.2048215717077255,0.0265105850994586,-0.4388869702816009,-0.0727193355560302,-0.0293555557727813,0.0,0.0,0.4040181636810303,-0.0646380186080932
-0.1141167655587196,0.1956742405891418,0.0240343827754259,-0.4066017568111419,-0.0738105848431587,-0.0218252874910831,0.0,0.0,-0.67573082447052,-0.5010749101638794
-0.1139672249555587,0.1862733513116836,0.0148140918463468,-0.4178108274936676,-0.0736724287271499,0.0027629532851278,0.0,0.0,0.162287950515747,-0.6226512789726257
-0.1138273254036903,0.1772186309099197,0.0120359687134623,-0.4023376703262329,-0.0717366710305213,0.0387148298323154,0.0,0.0,-0.0668087601661682,0.4813768863677978
-0.1137379631400108,0.1679012924432754,0.0065072723664343,-0.4139915108680725,-0.0693345367908477,0.0480426959693431,0.0,0.0,0.0899306535720825,0.4891616106033325
-0.113623522222042,0.1590946316719055,0.0083603430539369,-0.39126718044281,-0.0662810429930687,0.0610700361430645,0.0,0.0,-0.1034276485443115,-0.2865386009216308
-0.113560102880001,0.1500254720449447,0.0027872845530509,-0.4029216766357422,-0.062761589884758,0.0703887268900871,0.0,0.0,0.6196942329406738,0.3494999408721924
-0.113629437983036,0.1416124850511551,-0.0104026636108756,-0.3737671673297882,-0.0593312606215477,0.0686067789793014,0.0,0.0,0.0147072076797485,0.8619794845581055
-0.113756462931633,0.1334103643894195,-0.0149088678881526,-0.3644519448280334,-0.0571510046720504,0.0436050221323967,0.0,0.0,0.3405221700668335,-0.2947151660919189
-0.1139260306954383,0.1256322413682937,-0.0195547007024288,-0.3455995619297027,-0.0545870624482631,0.0512789897620677,0.0,0.0,-0.0542276501655578,0.6789708137512207
-0.1140909194946289,0.117585688829422,-0.0181303601711988,-0.357565701007843,-0.0529690682888031,0.0323599986732006,0.0,0.0,0.5171998739242554,0.5280365943908691
-0.1141191497445106,0.1097528561949729,-0.0041952468454837,-0.348078578710556,-0.0516128949820995,0.0271234102547168,0.0,0.0,0.8080564737319946,0.9753172397613524
-0.1139635071158409,0.1027675941586494,0.0155050996690988,-0.310456246137619,-0.051555398851633,0.0011497412342578,0.0,0.0,0.3249750137329101,0.9391360282897948
-0.1137276664376258,0.0964902937412262,0.0249393321573734,-0.2790402770042419,-0.0528888702392578,-0.026669505983591,0.0,0.0,-0.0317403078079223,0.9106876850128174
-0.1134630218148231,0.0899339765310287,0.0293709151446819,-0.2914968132972717,-0.0557683669030666,-0.0575898513197898,0.0,0.0,0.1966217756271362,0.7009081840515137
-0.1130883246660232,0.0837746933102607,0.0412307567894458,-0.2738893330097198,-0.0594826340675354,-0.0742854326963424,0.0,0.0,0.1518826484680175,0.1076668500900268
-0.1126729995012283,0.0779693201184272,0.0445159152150154,-0.2581366598606109,-0.0624357983469963,-0.0590632371604442,0.0,0.0,-0.2234917879104614,-0.1740795969963073
-0.112307071685791,0.0719014480710029,0.0391219072043895,-0.2697913944721222,-0.0649336501955986,-0.0499571114778518,0.0,0.0,0.3610601425170898,0.8150663375854492
-0.1119354218244552,0.0660391449928283,0.0409096851944923,-0.2607163488864898,-0.0686386302113533,-0.0740994065999984,0.0,0.0,0.2935119867324829,0.1027818918228149
-0.1115873306989669,0.0607634894549846,0.0381559692323207,-0.2346279025077819,-0.0719585344195365,-0.0663981288671493,0.0,0.0,0.0558775663375854,0.8346748352050781
-0.1112758666276931,0.0558301545679569,0.0357539355754852,-0.2194888442754745,-0.0765129178762435,-0.0910878553986549,0.0,0.0,-0.0591787099838256,0.5591869354248047
-0.1109717339277267,0.0506329648196697,0.035565722733736,-0.2312602400779724,-0.0816109776496887,-0.1019613370299339,0.0,0.0,0.3388404846191406,0.7400045394897461
-0.1105302795767784,0.0456317514181137,0.0501891486346721,-0.2226170897483825,-0.0875987038016319,-0.1197545677423477,0.0,0.0,0.2020106315612793,-0.4597494602203369
-0.1100980788469314,0.0410369485616683,0.0488237179815769,-0.2045542895793914,-0.0931611731648445,-0.1112493425607681,0.0,0.0,0.4034970998764038,-0.8337147831916809
-0.1098303794860839,0.0372382961213588,0.0304027292877435,-0.1690575182437896,-0.0967674329876899,-0.0721251219511032,0.0,0.0,0.3188289403915405,0.514596700668335
-0.1095564812421798,0.034003410488367,0.0317244157195091,-0.1440617442131042,-0.1010674834251403,-0.0860008522868156,0.0,0.0,0.3665072917938232,0.9404788017272948
-0.1091687232255935,0.030961213633418,0.0445300452411174,-0.1356072276830673,-0.1067775785923004,-0.1142017841339111,0.0,0.0,0.1074185371398925,-0.46851646900177
-0.1088202446699142,0.0281602721661329,0.0403284654021263,-0.1248909085988998,-0.1122202798724174,-0.1088540777564048,0.0,0.0,0.2206238508224487,-0.4237868785858154
-0.1085086837410926,0.0260260924696922,0.0365161783993244,-0.0952642709016799,-0.1175508275628089,-0.1066110730171203,0.0,0.0,0.0322949886322021,0.1025536060333252
-0.1082813292741775,0.0241891723126173,0.0280906651169061,-0.0820714235305786,-0.1228789463639259,-0.1065621525049209,0.0,0.0,0.0900487899780273,0.1597156524658203
-0.1079840660095214,0.0224518869072198,0.0343125686049461,-0.0775959193706512,-0.1274434328079223,-0.0912898033857345,0.0,0.0,0.0059067010879516,0.4382582902908325
-0.1076540946960449,0.0211243722587823,0.037137608975172,-0.059358462691307,-0.131554290652275,-0.0822174400091171,0.0,0.0,-0.2330423593521118,0.5805264711380005
-0.1073109656572341,0.0195210557430982,0.039231639355421,-0.0717022940516471,-0.1364610195159912,-0.0981345623731613,0.0,0.0,-0.175553560256958,0.4047756195068359
-0.1069996803998947,0.0176549535244703,0.0356575883924961,-0.0833561494946479,-0.1409755051136016,-0.0902895256876945,0.0,0.0,-0.086656630039215,0.4838135242462158
-0.1067183464765548,0.015526209026575,0.0322714000940322,-0.0950096398591995,-0.1451051533222198,-0.0825932472944259,0.0,0.0,0.353401780128479,0.2261132001876831
-0.1064318642020225,0.014492449350655,0.0196560118347406,-0.0451218672096729,-0.1360590308904647,0.1810228377580642,1.0,0.0,0.1445587873458862,0.6251599788665771
-0.1060386672616005,0.0136235570535063,0.0315162874758243,-0.0379464998841285,-0.1282376796007156,0.1565072387456894,1.0,0.0,-0.1030530333518982,0.2151004076004028
-0.105638787150383,0.0125503875315189,0.0307797826826572,-0.0469459071755409,-0.1190115287899971,0.1845895051956176,1.0,0.0,0.3904726505279541,0.492915391921997
-0.1052315682172775,0.012299976311624,0.0307368133217096,-0.0103799114003777,-0.1090492382645607,0.1993027776479721,1.0,0.0,-0.1685227751731872,0.7176275253295898
-0.1047712340950965,0.0117669673636555,0.038106769323349,-0.0231339801102876,-0.1011785343289375,0.1574206203222274,1.0,0.0,-0.1943100094795227,0.2260763645172119
-0.1043107956647872,0.0109724616631865,0.0381060093641281,-0.0347955077886581,-0.0933075323700904,0.1574201136827469,1.0,0.0,-0.2498753070831298,0.3505544662475586
-0.1038466468453407,0.0099454978480935,0.037731260061264,-0.0451223403215408,-0.0847035273909568,0.1720796674489975,1.0,0.0,0.0072590112686157,0.598461389541626
-0.1033641844987869,0.0090987058356404,0.0408225506544113,-0.0372339114546775,-0.0773583501577377,0.1469038426876068,1.0,0.0,0.0545138120651245,0.0283395051956176
-0.1028278321027755,0.0087171168997883,0.0461391545832157,-0.0165916476398706,-0.0699372366070747,0.1484223306179046,1.0,0.0,-0.3825510740280151,-0.0802586078643798
-0.1022914871573448,0.0080739948898553,0.0461386330425739,-0.0282525885850191,-0.0625161752104759,0.148421436548233,1.0,0.0,-0.0942476987838745,0.1742881536483764
-0.1017550453543663,0.0071693039499223,0.0461381636559963,-0.0399135276675224,-0.0550951585173606,0.1484205275774002,0.0,0.0,-0.390097975730896,0.9790184497833252
-0.1011791229248046,0.0059991455636918,0.0513705387711524,-0.0517906360328197,-0.0489530600607395,0.1228419914841651,0.0,0.0,-0.4590729475021362,0.9698933362960817
-0.1005391106009483,0.0047644712030887,0.0539134070277214,-0.0545759014785289,-0.0389815792441368,0.1994296312332153,1.0,0.0,0.3670887947082519,0.3613008260726928
-0.0999074950814247,0.0039522624574601,0.0531862005591392,-0.0358680561184883,-0.02913105674088,0.1970105022192001,1.0,0.0,0.0682772397994995,0.4726542234420776
-0.0992195159196853,0.00328696728684,0.0585963353514671,-0.0293998923152685,-0.0190564524382352,0.2014920711517334,0.0,0.0,-0.6390620470046997,0.8430283069610596
-0.098479077219963,0.0023613548837602,0.0653741210699081,-0.0410524420440197,-0.0104987742379307,0.1711535304784774,0.0,0.0,-0.4643362760543823,0.9974076747894288
-0.0976852402091026,0.00116297963541,0.0722363591194152,-0.0532265231013298,-0.0034410401713103,0.141154795885086,0.0,0.0,-0.3337631225585937,0.98520827293396
-0.096833512187004,-0.000297036167467,0.0796000882983207,-0.0648877248167991,0.0020555714145302,0.1099324971437454,0.0,0.0,-0.1345809698104858,0.9548275470733644
-0.0960487350821495,-0.0008566880133002,0.0750529468059539,-0.0248802416026592,0.0054326960816979,0.0675422325730323,1.0,1.0,-0.7641782760620117,-0.9592016339302064
-0.0955056175589561,-0.0007097029592841,0.0554656460881233,0.0065366472117602,0.0042945002205669,-0.0227637141942977,1.0,1.0,-0.6600341796875,-0.8655502796173096
-0.0951483696699142,1.828432141337544e-05,0.0413331389427185,0.0323627889156341,-0.001231315312907,-0.1105110198259353,1.0,1.0,-0.554391086101532,-0.8550475239753723
-0.0948479622602462,0.000462100491859,0.0331413894891738,0.0197175629436969,-0.0042883749119937,-0.0611413232982158,1.0,1.0,-0.572413980960846,-0.5894536972045898
-0.0945877060294151,0.0006638384074904,0.027620255947113,0.0089607266709208,-0.0058614793233573,-0.0314622931182384,1.0,0.0,-0.7236708402633667,0.372061014175415
-0.0943188667297363,0.0006615495658479,0.0268681980669498,-0.0001005794401862,-0.0058438186533749,0.0003534283605404,1.0,0.0,-0.5691804885864258,0.4011839628219604
-0.0940414443612098,0.0004553770995698,0.0261154025793075,-0.0091591449454426,-0.0042337588965892,0.0322009958326816,1.0,0.0,-0.4109992980957031,0.2302179336547851
-0.093755342066288,4.510641156230122e-05,0.0253647919744253,-0.018227094784379,-0.0010340197477489,0.0639946907758712,1.0,0.0,0.2007005214691162,-0.2175906896591186
-0.0935771018266677,0.0002033209748333,0.0165738482028245,0.0070323594845831,0.000197720262804,0.0246350970119237,1.0,1.0,-0.8221652507781982,-0.0931293368339538
-0.0934182181954383,0.0001473879819968,0.0163316503167152,-0.0024854773655533,-0.000238059554249,-0.0087158307433128,0.0,1.0,-0.8754760026931763,0.0068252086639404
-0.0932786911725997,-0.0001226568274432,0.0160895064473152,-0.0120032168924808,-0.0023418858181685,-0.0420764461159706,0.0,1.0,-0.7490738034248352,0.1133397817611694
-0.0931703597307205,-0.0001258039410458,0.0108347265049815,-0.000140533738886,-0.0023437147028744,-3.5501660022418946e-05,1.0,1.0,-0.9067000150680542,-0.0807604789733886
-0.0930871963500976,-0.0001240158017026,0.0083141308277845,8.078046812443063e-05,-0.0023426720872521,2.0404966562637128e-05,1.0,1.0,-0.810800313949585,0.0305955410003662
-0.0930286422371864,-0.0001239442790392,0.0058583249337971,2.038311322394293e-06,-0.0023426462430506,5.153526672074804e-07,1.0,1.0,-0.9232673645019532,0.0009599924087524
-0.092994786798954,-0.0001239442790392,0.0033861983101814,-5.178688979867729e-07,-0.002342655789107,-1.2914220803850185e-07,1.0,1.0,-0.8724737167358398,-0.1419436931610107
-0.0929856300354003,-0.0001239442790392,0.0009134130668826,-2.2610404215583912e-08,-0.0023426592815667,-2.203978155534969e-08,1.0,1.0,-0.9147957563400269,0.0412124395370483
-0.0929906815290451,-0.0001239442790392,-0.0005138625274412,-2.377009877818637e-07,-0.0023348478134721,0.0001520403020549,1.0,1.0,-0.7946358919143677,0.020758032798767
-0.0929969772696495,-0.0001239442790392,-0.000639054516796,-3.0058339461902506e-07,-0.0023251324892044,0.0001890737621579,1.0,1.0,-0.8354920148849487,0.0051368474960327
-0.0929994583129882,-0.0001239442790392,-0.0002513913495931,-1.199812089680563e-07,-0.0023213131353259,7.438355532940477e-05,1.0,1.0,-0.7547263503074646,0.0409299135208129
-0.09299898147583,-0.0001239442790392,4.482110307435505e-05,2.10744328654755e-08,-0.0023220002185553,-1.3260460036690349e-05,1.0,1.0,-0.8701676726341248,-0.0546754002571105
-0.0929978340864181,-0.0001239442790392,0.0001121772365877,5.2732655575482574e-08,-0.0023237122222781,-3.3183878258569166e-05,1.0,1.0,-0.8455341458320618,-0.0188041925430297
-0.0929972678422927,-0.0001239442790392,5.905540820094757e-05,2.830457468405712e-08,-0.0023246093187481,-1.7476171706221066e-05,1.0,1.0,-0.8488249182701111,0.0367593765258789
-0.0929972678422927,-0.0001239442790392,1.954078925336944e-06,9.249701005131783e-10,-0.0023246421478688,-5.818582735628297e-07,1.0,1.0,-0.9093070030212402,-0.1453817486763
-0.0929974541068077,-0.0001239442790392,-1.8139717212761752e-05,-8.255165440118617e-09,-0.0023243690375238,5.366828645492205e-06,1.0,1.0,-0.9044358730316162,-0.0525232553482055
-0.0929975509643554,-0.0001239442790392,-1.2576407243614083e-05,-5.794750901344514e-09,-0.0023241769522428,3.716432502187672e-06,1.0,1.0,-0.8747855424880981,-0.1949704885482788
-0.0929975509643554,-0.0001239442790392,-2.308307557541412e-06,-1.0258479621327863e-09,-0.002324148081243,6.996184538365924e-07,1.0,1.0,-0.9393519163131714,0.0437531471252441
-0.0929975509643554,-0.0001239442790392,2.6190878088527825e-06,6.770378147002987e-10,-0.0023241771850734,-7.749271162538207e-07,1.0,1.0,-0.8004276156425476,0.0113247632980346
-0.0929975509643554,-0.0001239442790392,2.483388243490481e-06,9.154964009105979e-10,-0.0023242190945893,-7.485931519113365e-07,1.0,1.0,-0.6636824607849121,-0.0838562846183776
-0.0929975509643554,-0.0001239442790392,7.761846063658595e-07,1.3219529637620298e-10,-0.0023242344614118,-2.394837110841763e-07,1.0,1.0,-0.793429434299469,-0.0076972246170043
-0.0929975509643554,-0.0001239442790392,-3.088524351824163e-07,-2.205311454284153e-11,-0.0023242381867021,1.0019908813774236e-07,1.0,1.0,-0.8576647043228149,-0.1358703970909118
-0.0929975509643554,-0.0001239442790392,-4.630113039638673e-07,-9.07689895468522e-11,-0.0023242232855409,1.7656802242527195e-07,1.0,1.0,-0.8144341707229614,-0.1141208410263061
-0.0929975509643554,-0.0001239442790392,-2.0883945239802415e-07,-8.408669593951146e-11,-0.0023242279421538,8.471284473898778e-08,1.0,1.0,-0.8735153675079346,0.0394970178604126
-0.0929975509643554,-0.0001239442790392,2.407882426780361e-08,2.8956706824012635e-11,-0.0023242242168635,-4.883897730678655e-08,1.0,1.0,-0.8865221738815308,-0.2149028778076172
-0.0929975509643554,-0.0001239442790392,8.52807531259714e-08,8.930021305753044e-11,-0.0023242351599037,-4.15748040438757e-08,1.0,1.0,-0.8634477257728577,-0.0717750191688537
-0.0929975509643554,-0.0001239442790392,5.203376574058893e-08,3.9446735808357225e-12,-0.0023242321331053,-4.3589189147041913e-08,1.0,1.0,-0.7722399234771729,-0.0967169404029846
-0.0929975509643554,-0.0001239442790392,1.7623086989715375e-08,-8.833397346919013e-10,-0.0023242433089762,-4.504867234800258e-08,1.0,1.0,-0.9465783834457396,-0.0584227442741394
-0.0929975509643554,-0.0001239442790392,-9.284025104250304e-09,-1.929730819583142e-09,-0.0023242442402988,2.1979371211955367e-08,1.0,1.0,-0.8797054290771484,-0.0686455368995666
-0.0929975509643554,-0.0001239442790392,-2.2287171219659285e-08,3.1014049661770566e-10,-0.0023242433089762,4.5481236554678623e-08,1.0,1.0,-0.8302412629127502,-0.0939247608184814
-0.0929975509643554,-0.0001239442790392,-2.2026924284546112e-08,-3.1087546426000756e-10,-0.0023242423776537,4.6625771688013635e-08,1.0,1.0,-0.925042688846588,0.043828010559082
-0.0929975509643554,-0.0001239442790392,0.0,0.0,-0.0023242339957505,0.0,1.0,1.0,-0.925042688846588,0.043828010559082
