x_pos,y_pos,x_vel,y_vel,angle,ang_vel,leg_1,leg_2,main_booster,lat_booster
-0.0015729904407635,1.4034042358398438,-0.1597744226455688,-0.3340419828891754,0.0022190362215042,0.0438064560294151,0.0,0.0,-0.8424543105777056,-0.6035369869414358
-0.003239631652832,1.39568829536438,-0.1703580617904663,-0.3429447710514068,0.0058772037737071,0.0731710419058799,0.0,0.0,-0.7621634299329119,-0.8498276228224043
-0.0050087929703295,1.3877449035644531,-0.1823392063379287,-0.3530606031417846,0.0112368315458297,0.1072025150060653,0.0,0.0,-0.7662360318462982,0.6568736009452417
-0.0067875860258936,1.3795803785324097,-0.1826305836439132,-0.3629137575626373,0.0159366335719823,0.0940048024058342,0.0,0.0,0.3543182028495628,-0.8414114047269978
-0.0085725784301757,1.3720016479492188,-0.1854746788740158,-0.3369198143482208,0.0228259302675724,0.1377988159656524,0.0,0.0,0.4175518436792655,-0.7471648874489148
-0.010347843170166,1.3649038076400757,-0.1865855306386947,-0.3156280815601349,0.0317821912467479,0.1791419386863708,0.0,0.0,-0.663516070307443,-0.9026581699045566
-0.0122492788359522,1.3575835227966309,-0.2014141976833343,-0.3256244361400604,0.0429431796073913,0.2232403010129928,0.0,0.0,0.0930988814466513,0.7879202968839515
-0.0140457153320312,1.350699782371521,-0.1897737234830856,-0.3062635064125061,0.0529662743210792,0.2004805505275726,0.0,0.0,-0.6132597687705321,0.6812288568920921
-0.0158430095762014,1.3436086177825928,-0.1888471841812133,-0.3155076205730438,0.0619928911328315,0.1805488765239715,0.0,0.0,-0.260469448434881,0.8141733782709082
-0.0176300052553415,1.336309552192688,-0.1864984929561615,-0.3247474133968353,0.0697212815284729,0.1545817703008651,0.0,0.0,-0.046724392144428,0.9548642991080928
-0.0193848609924316,1.3288006782531738,-0.1814032942056656,-0.3340143263339996,0.0755870789289474,0.1173264756798744,0.0,0.0,-0.8269617902386559,0.817964579096353
-0.0211216919124126,1.3210786581039429,-0.1780569702386856,-0.3434304594993591,0.0799293741583824,0.0868536680936813,0.0,0.0,-0.1180110257450792,0.8818728671608098
-0.022828483954072,1.3131513595581057,-0.1731901615858078,-0.3524612784385681,0.0824171602725982,0.0497607924044132,0.0,0.0,0.3862079325141845,-0.7184110175723369
-0.0246059410274028,1.3054440021514893,-0.182069182395935,-0.3427964150905609,0.0867070406675338,0.0858056098222732,0.0,0.0,0.9435906018731192,0.8538990601099641
-0.0262743942439556,1.2990071773529053,-0.1700852662324905,-0.2862769961357116,0.0899285078048706,0.0644349828362464,0.0,0.0,0.8138057676695745,0.6489815096668846
-0.0278462413698434,1.2928543090820312,-0.159700721502304,-0.2736089825630188,0.0924277454614639,0.0499890074133873,0.0,0.0,-0.2409873469676033,0.6393474649620254
-0.0294117927551269,1.286497712135315,-0.1577194929122924,-0.2825931012630462,0.0935811102390289,0.0230693835765123,0.0,0.0,-0.253918308742959,-0.7270726310019203
-0.0310756675899028,1.2799086570739746,-0.1688804477453231,-0.2930009663105011,0.0960459411144256,0.049301192164421,0.0,0.0,-0.5208140931298066,-0.8521200425884805
-0.032851792871952,1.273099660873413,-0.1817150264978408,-0.3028920888900757,0.1001185551285743,0.0814596712589263,0.0,0.0,0.6297010780977441,0.799186814829518
-0.0347641929984092,1.2668997049331665,-0.1937498301267624,-0.2757190465927124,0.1026139929890632,0.0499134846031665,0.0,0.0,-0.849359553986708,-0.9698774672785634
-0.0367930419743061,1.2604777812957764,-0.2070799320936203,-0.2857239842414856,0.1067890152335167,0.0835079476237297,0.0,0.0,-0.7346691232947395,0.7416881189770547
-0.0388181693851947,1.2538410425186155,-0.2053465545177459,-0.2951689064502716,0.1096003130078315,0.0562312714755535,0.0,0.0,0.4851873530157697,-0.7986518064981624
-0.0408862121403217,1.247724175453186,-0.2115665227174759,-0.2722194492816925,0.1143320798873901,0.0946438312530517,0.0,0.0,0.1320059856184974,0.9227868308628588
-0.0429059043526649,1.24171781539917,-0.2050008475780487,-0.2671835720539093,0.1173466965556144,0.0602977089583873,0.0,0.0,-0.4588955016500833,-0.8691744536363152
-0.0450668334960937,1.2354791164398191,-0.2213654816150665,-0.2777040302753448,0.1226017773151397,0.105111226439476,0.0,0.0,0.7282029050165992,-0.8529629089193973
-0.0476076118648052,1.230056881904602,-0.2608594894409179,-0.2415567487478256,0.1293457150459289,0.1348786652088165,0.0,0.0,0.4810793740819903,-0.9747672052276642
-0.0503623001277446,1.225376009941101,-0.2842723429203033,-0.2088285237550735,0.1381040066480636,0.1751657724380493,0.0,0.0,-0.9038886572375512,-0.746672984816253
-0.0532460212707519,1.2204689979553225,-0.2990284562110901,-0.2191121131181717,0.148726224899292,0.2124445736408233,0.0,0.0,0.9233400108469044,-0.9001385185583052
-0.0565573684871196,1.2166355848312378,-0.3432824909687042,-0.1716365218162536,0.1608689129352569,0.2428538352251052,0.0,0.0,-0.8511292167081719,0.9909772113800116
-0.0598510727286338,1.2125980854034424,-0.3396106362342834,-0.1805882155895233,0.171121135354042,0.205044224858284,0.0,0.0,-0.95101590779495,0.9601013178863372
-0.0631264671683311,1.2083721160888672,-0.3357869684696197,-0.1887962073087692,0.1793909817934036,0.1653972417116165,0.0,0.0,0.5633865432097673,-0.6561200369107293
-0.0666629821062088,1.2044998407363892,-0.36302450299263,-0.173266127705574,0.1888023316860199,0.1882269978523254,0.0,0.0,0.2935084746193088,-0.844385295477576
-0.0705140084028244,1.2013014554977417,-0.3960557579994201,-0.1435829699039459,0.1998166739940643,0.2202869951725006,0.0,0.0,0.954189366284374,-0.6547397678973219
-0.0746367424726486,1.1984663009643557,-0.4242684245109558,-0.1276687234640121,0.2119082510471344,0.2418315857648849,0.0,0.0,0.2242548467449603,-0.61862188218196
-0.078950211405754,1.1960844993591309,-0.4445094466209411,-0.1077983081340789,0.2252197265625,0.2662292420864105,0.0,0.0,0.9542995576643304,0.9839960590084156
-0.0834238082170486,1.194833517074585,-0.4585038721561432,-0.0573384650051593,0.2365240752696991,0.2260866612195968,0.0,0.0,0.8746237494728448,0.7682834808680109
-0.0880484580993652,1.1941230297088623,-0.4719276428222656,-0.0331277400255203,0.2461412101984024,0.1923426240682602,0.0,0.0,0.2515649905403594,-0.7834096889014097
-0.0929009467363357,1.1940274238586426,-0.49619060754776,-0.0061165592633187,0.2572869658470154,0.222915768623352,0.0,0.0,-0.4708462999519556,-0.7327487803165
-0.0978728309273719,1.1936975717544556,-0.509531557559967,-0.0168798379600048,0.2699114382266998,0.2524894773960113,0.0,0.0,0.6782717597375925,-0.7517628674946305
-0.1030945777893066,1.1940317153930664,-0.5359302759170532,0.0122577408328652,0.2840155959129333,0.2820833027362823,0.0,0.0,0.3548322751801769,0.7306090045252476
-0.1085936576128006,1.1950559616088867,-0.561899721622467,0.0431363731622695,0.2963745594024658,0.247179701924324,0.0,0.0,-0.6946344375610352,0.9992365837097168
-0.1140598282217979,1.195900559425354,-0.5560939311981201,0.0355704687535762,0.3061637878417969,0.1957844793796539,0.0,0.0,-0.7526723742485046,0.9948662519454956
-0.1194952949881553,1.1965558528900146,-0.5505997538566589,0.0276166498661041,0.3134787380695343,0.1462992131710052,0.0,0.0,-0.558364748954773,0.9840930700302124
-0.1249026283621788,1.197030544281006,-0.545385479927063,0.0200827121734619,0.3183171153068542,0.0967674329876899,0.0,0.0,-0.7407376766204834,0.9787683486938475
-0.1302971839904785,1.1973073482513428,-0.5421829223632812,0.0116970045492053,0.321155846118927,0.0567744076251983,0.0,0.0,-0.7959955930709839,0.9854367971420288
-0.1356681883335113,1.1973932981491089,-0.5376123189926147,0.003704591654241,0.3216827511787414,0.0105378394946455,0.0,0.0,-0.7577106952667236,0.9658935070037842
-0.1410165727138519,1.1972929239273071,-0.5330995917320251,-0.0040759141556918,0.3198786079883575,-0.036082673817873,0.0,0.0,-0.9197453260421752,0.9638899564743042
-0.1463664025068283,1.197010517120361,-0.5315304398536682,-0.0117911817505955,0.3162909150123596,-0.0717538818717002,0.0,0.0,-0.8931655883789062,0.986940860748291
-0.151718333363533,1.1965439319610596,-0.5300361514091492,-0.0196234621107578,0.3109454214572906,-0.1069105118513107,0.0,0.0,-0.953581690788269,0.9195752143859864
-0.1570607125759124,1.195886254310608,-0.5271636247634888,-0.0277248211205005,0.3036094307899475,-0.1467199772596359,0.0,0.0,-0.9970532059669496,0.8892323970794678
-0.1623780280351638,1.195047378540039,-0.5222730040550232,-0.0353437885642051,0.2938415110111236,-0.195358395576477,0.0,0.0,-0.9991242289543152,0.9101030826568604
-0.167692095041275,1.1940228939056396,-0.5200923681259155,-0.0432988926768302,0.2821982204914093,-0.2328656166791916,0.0,0.0,-0.9948899745941162,0.7155617475509644
-0.1729988157749176,1.1928032636642456,-0.5174565315246582,-0.0517056509852409,0.2686420679092407,-0.2711230218410492,0.0,0.0,-0.9991241693496704,0.9789042472839355
-0.1782896965742111,1.1914050579071045,-0.5136669278144836,-0.0593883581459522,0.2528786361217499,-0.315268725156784,0.0,0.0,-0.985579550266266,-0.1397034525871276
-0.1836378127336502,1.1897892951965332,-0.5191143155097961,-0.069193810224533,0.2369057387113571,-0.3194578289985657,0.0,0.0,-0.9984974265098572,0.8196796178817749
-0.1889893561601638,1.187971830368042,-0.5178151726722717,-0.0780860111117363,0.2193312644958496,-0.3514895141124725,0.0,0.0,-0.966023087501526,0.8860262632369995
-0.1943199187517166,1.1859720945358276,-0.5133829712867737,-0.0860673934221267,0.1994713544845581,-0.3971981406211853,0.0,0.0,-0.9600777626037598,0.529541015625
-0.1996568739414215,1.183774709701538,-0.5124174356460571,-0.0949379652738571,0.1780825853347778,-0.4277756810188293,0.0,0.0,-0.9964395761489868,0.9482237100601196
-0.2049683630466461,1.1813950538635254,-0.5074149370193481,-0.1030844077467918,0.1543282270431518,-0.4750877916812897,0.0,0.0,-0.989757001399994,0.483487606048584
-0.2103354930877685,1.1788023710250854,-0.5126715898513794,-0.1129178702831268,0.1303493976593017,-0.4795766770839691,0.0,0.0,-0.9813408255577089,0.4657443761825561
-0.2157577574253082,1.1759967803955078,-0.5178812146186829,-0.1227528005838394,0.1061439514160156,-0.484109103679657,0.0,0.0,-0.9933524131774902,0.2635431289672851
-0.2212345600128173,1.172978162765503,-0.5230394601821899,-0.1325892508029937,0.0817099809646606,-0.4886797368526459,0.0,0.0,-0.9069260954856871,-0.1028860807418823
-0.2267652451992035,1.169747233390808,-0.5281416177749634,-0.1424272209405899,0.057045828551054,-0.4932833313941955,0.0,0.0,-0.9840660691261292,-0.1191653609275817
-0.232349008321762,1.1663038730621338,-0.5331822633743286,-0.1522666960954666,0.0321501046419143,-0.4979147911071777,0.0,0.0,-0.992248833179474,0.7383005619049072
-0.2379257678985595,1.1626462936401367,-0.5307214856147766,-0.162191241979599,0.0055346237495541,-0.5323096513748169,0.0,0.0,-0.944361686706543,-0.3732883930206299
-0.2435539662837982,1.1587780714035034,-0.5356215834617615,-0.1720402389764785,-0.0213142689317464,-0.5369781851768494,0.0,0.0,-0.9439294338226318,-0.304445743560791
-0.2492325752973556,1.1546993255615234,-0.5404423475265503,-0.1818908154964447,-0.0483972877264022,-0.5416604280471802,0.0,0.0,-0.8542296290397644,-0.1749932765960693
-0.2549605965614319,1.1504101753234863,-0.5451763868331909,-0.1917429566383361,-0.0757148712873458,-0.546351969242096,0.0,0.0,-0.9223790168762208,0.3634085655212402
-0.2607367634773254,1.1459110975265503,-0.5498158931732178,-0.2015966325998306,-0.1032672896981239,-0.5510486364364624,0.0,0.0,-0.9581747055053712,0.9192965030670166
-0.2664991021156311,1.1411890983581543,-0.5467186570167542,-0.2121583968400955,-0.1326028704643249,-0.5867120027542114,0.0,0.0,-0.9337052702903748,-0.0305466651916503
-0.2723069190979004,1.1362590789794922,-0.5511454939842224,-0.2220223993062973,-0.1621729433536529,-0.5914018154144287,0.0,0.0,-0.7190935611724854,0.0514870882034301
-0.2781587541103363,1.1311205625534058,-0.5554521083831787,-0.231887862086296,-0.1919772028923034,-0.5960851311683655,0.0,0.0,-0.8694994449615479,-0.2602654099464416
-0.2840529382228851,1.1257741451263428,-0.5596286058425903,-0.2417547106742859,-0.2220150977373123,-0.6007581949234009,0.0,0.0,-0.527846097946167,0.3555617332458496
-0.2899877429008484,1.1202199459075928,-0.5636645555496216,-0.2516228258609772,-0.2522859573364258,-0.6054176092147827,0.0,0.0,-0.5711430907249451,-0.2665404081344604
-0.2959613800048828,1.1144583225250244,-0.5675494074821472,-0.2614921629428863,-0.2827889025211334,-0.6100597381591797,0.0,0.0,-0.5692585706710815,-0.1127851605415344
-0.3019718527793884,1.1084890365600586,-0.5712719559669495,-0.2713626325130462,-0.3135229349136352,-0.6146811246871948,0.0,0.0,-0.3440039157867431,-0.8781941533088684
-0.3080883026123047,1.1023372411727903,-0.5837355852127075,-0.2797165513038635,-0.3426119089126587,-0.5817800164222717,0.0,0.0,-0.2925053238868713,-0.7067255973815918
-0.314289391040802,1.096010684967041,-0.593658447265625,-0.2877177596092224,-0.3704549968242645,-0.5568618774414062,0.0,0.0,0.4920555353164673,-0.2487603425979614
-0.3201871514320373,1.090465426445007,-0.563718318939209,-0.2534554004669189,-0.3981914520263672,-0.5547291040420532,0.0,0.0,0.3733695745468139,-0.4215962886810303
-0.3259360194206238,1.085704326629639,-0.5485132932662964,-0.2192633152008056,-0.4265852272510528,-0.5678757429122925,0.0,0.0,0.024072527885437,-0.843277096748352
-0.3317746222019195,1.0811054706573486,-0.5592132806777954,-0.2120970785617828,-0.4534561336040497,-0.5374182462692261,0.0,0.0,0.3457239866256714,-0.4926515817642212
-0.337325245141983,1.0771430730819702,-0.5306771397590637,-0.1842774450778961,-0.4803971350193023,-0.5388208031654358,0.0,0.0,0.6700208187103271,-0.8719660043716431
-0.3427896499633789,1.0738698244094849,-0.5236788988113403,-0.1536123305559158,-0.5058915615081787,-0.5098889470100403,0.0,0.0,0.7477045059204102,-0.6947844624519348
-0.348026841878891,1.071413516998291,-0.5022522211074829,-0.1173107847571373,-0.5302661657333374,-0.4874934256076813,0.0,0.0,0.150694727897644,-0.5782752633094788
-0.3530796468257904,1.0694186687469482,-0.4849843084812164,-0.096784621477127,-0.5536375641822815,-0.4674279689788818,0.0,0.0,0.5510530471801758,-0.8066126108169556
-0.3578348755836487,1.0678855180740356,-0.4569039344787597,-0.075973741710186,-0.5753703117370605,-0.4346553385257721,0.0,0.0,0.4974443912506103,-0.6022523045539856
-0.3624541163444519,1.0665435791015625,-0.4445082545280456,-0.0673301145434379,-0.5959821939468384,-0.4122377336025238,0.0,0.0,0.1717948913574218,-0.4111027717590332
-0.3668666481971741,1.06528639793396,-0.4241620004177093,-0.0637500956654548,-0.6164959073066711,-0.410273790359497,0.0,0.0,0.4780012369155884,-0.5155431628227234
-0.3709063529968261,1.06435227394104,-0.3881438374519348,-0.0491379871964454,-0.6357605457305908,-0.385293036699295,0.0,0.0,0.477328896522522,-0.6363906860351562
-0.3746712803840637,1.0635474920272827,-0.3620453476905823,-0.0429974421858787,-0.6535928845405579,-0.3566469550132751,0.0,0.0,0.6727776527404785,-0.5038369297981262
-0.3780076503753662,1.0634770393371582,-0.320097267627716,-0.0101569732651114,-0.6705303192138672,-0.3387481868267059,0.0,0.0,0.36451256275177,-0.6372745037078857
-0.3809661269187927,1.0639503002166748,-0.2834802865982055,0.0143998181447386,-0.6862071752548218,-0.3135367035865783,0.0,0.0,0.4182085990905761,-0.834128201007843
-0.3835116028785705,1.0648211240768433,-0.2436963319778442,0.0327034294605255,-0.700115442276001,-0.2781657576560974,0.0,0.0,0.1548959016799926,-0.5602359175682068
-0.3858777582645416,1.0656989812850952,-0.2267890870571136,0.0334327444434165,-0.7128611207008362,-0.2549130618572235,0.0,0.0,0.4933513402938843,-0.5577165484428406
-0.3880037665367126,1.066973328590393,-0.2035975903272628,0.0513889826834201,-0.724664568901062,-0.2360685169696808,0.0,0.0,-0.2012816667556762,-0.7452113628387451
-0.3901490271091461,1.068085551261902,-0.2065598517656326,0.0446968153119087,-0.7352029085159302,-0.2107662260532379,0.0,0.0,0.0833926200866699,-0.6656389236450195
-0.3920784890651703,1.069464087486267,-0.1860391646623611,0.0570672005414962,-0.7444413900375366,-0.1847690492868423,0.0,0.0,0.0229780673980712,0.3488315343856811
-0.3937121033668518,1.0712463855743408,-0.1561235189437866,0.0747305676341056,-0.7541985511779785,-0.1951424926519394,0.0,0.0,-0.4553259611129761,-0.1502174139022827
-0.3953243196010589,1.0728107690811155,-0.153939664363861,0.0649259462952613,-0.7641125321388245,-0.1982795000076294,0.0,0.0,0.0953364372253418,-0.0226566195487976
-0.396594226360321,1.0747326612472534,-0.1195483654737472,0.0806233063340187,-0.7743420004844666,-0.2045899182558059,0.0,0.0,-0.1777501702308654,-0.0728726983070373
-0.3978381156921386,1.0764368772506714,-0.1169104427099227,0.070818692445755,-0.7847170829772949,-0.2075015008449554,0.0,0.0,-0.280519962310791,0.0020785331726074
-0.3990537524223327,1.0779231786727903,-0.1140620484948158,0.0610142238438129,-0.7952319383621216,-0.2102966606616974,0.0,0.0,-0.5736663937568665,-0.4878232479095459
-0.4002390503883362,1.0791913270950315,-0.1110145896673202,0.0512099117040634,-0.8058806657791138,-0.2129731625318527,0.0,0.0,0.0965614318847656,-0.5437372326850891
-0.4012472033500671,1.0807663202285769,-0.0940396338701248,0.0652510970830917,-0.8155837059020996,-0.1940607726573944,0.0,0.0,-0.2725511789321899,0.0609121322631835
-0.4022213816642761,1.082122802734375,-0.0906261354684829,0.0554484575986862,-0.8254084587097168,-0.1964955478906631,0.0,0.0,-0.1693283319473266,0.188230276107788
-0.4031598567962646,1.083261251449585,-0.087047278881073,0.0456460490822792,-0.8353488445281982,-0.1988075226545334,0.0,0.0,-0.5834687352180481,-0.1679979562759399
-0.4040609896183014,1.084181547164917,-0.083313837647438,0.0358438864350318,-0.8453986644744873,-0.200995922088623,0.0,0.0,-0.0562691688537597,0.1246250867843627
-0.4049232006072998,1.084883213043213,-0.079436220228672,0.0260419901460409,-0.8555516600608826,-0.2030602693557739,0.0,0.0,-0.0490371584892272,0.1148005723953247
-0.4057452082633972,1.0853664875030518,-0.0754244178533554,0.0162403807044029,-0.8658016920089722,-0.20500048995018,0.0,0.0,0.0111407041549682,-0.4864767789840698
-0.4062252044677734,1.0859229564666748,-0.0413860864937305,0.0195039939135313,-0.875926673412323,-0.2025001943111419,0.0,0.0,-0.1671741604804992,-0.755304753780365
-0.4066959917545318,1.0863327980041504,-0.0416261777281761,0.0138212349265813,-0.8843656778335571,-0.1687796413898468,0.0,0.0,-0.2029128670692443,-0.5074776411056519
-0.4071428775787353,1.086566925048828,-0.0399171374738216,0.0064949723891913,-0.8918242454528809,-0.1491709500551223,0.0,0.0,-0.5333239436149597,-0.3827130794525146
-0.4075451493263244,1.086582064628601,-0.0354536399245262,-0.0033024710137397,-0.8993554711341858,-0.1506245881319046,0.0,0.0,-0.1811296939849853,0.478613018989563
-0.4079018235206604,1.0863780975341797,-0.0308985821902751,-0.0130995856598019,-0.906953513622284,-0.1519605815410614,0.0,0.0,-0.4460142850875854,-0.6858642101287842
-0.4082521498203277,1.0860285758972168,-0.0314654298126697,-0.0185896251350641,-0.9126895070075988,-0.1147202402353286,0.0,0.0,0.0140756368637084,-0.4468854665756225
-0.4082896709442138,1.0857927799224854,-0.0001404551730956,-0.0136122610419988,-0.9185421466827391,-0.1170530468225479,0.0,0.0,-0.1450068950653076,-0.1202316880226135
-0.4082793295383453,1.085337519645691,0.0046512829139828,-0.0234070904552936,-0.9244447350502014,-0.1180523186922073,0.0,0.0,-0.3552145957946777,-0.2604801654815674
-0.4082203805446625,1.084662914276123,0.009509109891951,-0.0332015939056873,-0.9303920269012452,-0.1189452409744262,0.0,0.0,-0.2664613723754883,-0.808484673500061
-0.4081411957740783,1.083832621574402,0.0105819115415215,-0.0392874255776405,-0.9347957968711852,-0.0880756303668022,0.0,0.0,-0.4747018218040466,-0.2044523358345031
-0.4080122113227844,1.0827826261520386,0.0155580891296267,-0.0490804724395275,-0.9392341375350952,-0.088767185807228,0.0,0.0,-0.7341502904891968,-0.1980457305908203
-0.4078330099582672,1.0815129280090332,0.0205856412649154,-0.0588732175529003,-0.9437023401260376,-0.0893640667200088,0.0,0.0,-0.3406503200531006,-0.2891660928726196
-0.4076030254364013,1.0800232887268066,0.0256603620946407,-0.0686656683683395,-0.9481958746910096,-0.0898704081773758,0.0,0.0,-0.6853746175765991,0.3042367696762085
-0.4073218405246734,1.0783138275146484,0.0307783689349889,-0.0784578397870063,-0.9527103900909424,-0.0902905613183975,0.0,0.0,-0.6399242281913757,-0.4835869073867798
-0.4069890081882477,1.0763845443725586,0.035936065018177,-0.0882497355341911,-0.9572418332099916,-0.0906291306018829,0.0,0.0,-0.7372938394546509,0.0928211212158203
-0.4066041111946106,1.074235200881958,0.0411301292479038,-0.0980413854122161,-0.9617863893508912,-0.0908908396959304,0.0,0.0,-0.6194260716438293,-0.2118177413940429
-0.4061668515205383,1.0718656778335571,0.0463574938476085,-0.1078327819705009,-0.96634042263031,-0.0910806730389595,0.0,0.0,-0.6579647064208984,-0.6326961517333984
-0.4057085514068603,1.0693473815917969,0.0474342852830886,-0.1134827062487602,-0.9691383242607116,-0.0559579506516456,0.0,0.0,-0.7131167650222778,-0.3751261234283447
-0.4051973819732666,1.0666087865829468,0.0527212992310524,-0.1232730373740196,-0.9719393849372864,-0.0560207553207874,0.0,0.0,-0.5267468094825745,-0.7004206776618958
-0.4046605229377746,1.0637012720108032,0.0545217171311378,-0.1300460249185562,-0.9734037518501282,-0.0292874816805124,0.0,0.0,-0.6414523720741272,-0.598243772983551
-0.4040955603122711,1.0606306791305542,0.0565262734889984,-0.1364974230527877,-0.9734487533569336,-0.0009005306055769,0.0,0.0,-0.4947954416275024,-0.5218509435653687
-0.403501033782959,1.0574018955230713,0.0586265996098518,-0.1426969617605209,-0.9720020294189452,0.0289345383644104,0.0,0.0,-0.7751038670539856,-0.5077632069587708
-0.4028748869895935,1.0540059804916382,0.061034757643938,-0.1493966281414032,-0.9692507982254028,0.0550245232880115,0.0,0.0,-0.7914288640022278,-0.6653510928153992
-0.4022237658500671,1.0504438877105713,0.0627132952213287,-0.1559891700744629,-0.9650764465332032,0.0834866091609001,0.0,0.0,-0.645118772983551,-0.7669090032577515
-0.4015556871891022,1.0467383861541748,0.0632555335760116,-0.1612947434186935,-0.9589473009109496,0.1225812286138534,0.0,0.0,-0.5678548216819763,-0.5196957588195801
-0.4008560180664062,1.0428719520568848,0.0655535086989402,-0.1676883995532989,-0.9514000415802002,0.1509446054697036,0.0,0.0,-0.884084939956665,-0.5804469585418701
-0.4001330733299255,1.0388522148132324,0.066831573843956,-0.1735853403806686,-0.9421635270118712,0.1847306787967682,0.0,0.0,-0.7914857268333435,-0.2832645773887634
-0.3993549942970276,1.0346126556396484,0.0722695291042327,-0.1833786368370056,-0.9329177141189576,0.1849162876605987,0.0,0.0,-0.6169052124023438,-0.4461604356765747
-0.3985217213630676,1.0301536321640017,0.0777171701192855,-0.1931720077991485,-0.9236629605293274,0.1850947886705398,0.0,0.0,-0.72586989402771,-0.6617589592933655
-0.3976649343967438,1.0255310535430908,0.0790735259652137,-0.1996764838695526,-0.912914514541626,0.2149692773818969,0.0,0.0,-0.8723520636558533,-0.5920275449752808
-0.3967808187007904,1.0207329988479614,0.0809407979249954,-0.2068798393011093,-0.9009449481964112,0.2393918335437774,0.0,0.0,-0.8683553338050842,-0.8538082838058472
-0.3958758413791656,1.0157897472381592,0.0817381590604782,-0.2124283760786056,-0.887131929397583,0.2762607932090759,0.0,0.0,-0.925072193145752,-0.7622038722038269
-0.394957959651947,1.0107113122940063,0.0814849138259887,-0.2174053639173507,-0.8711801767349243,0.3190355598926544,0.0,0.0,-0.8652669191360474,-0.4601737260818481
-0.3939835429191589,1.0054147243499756,0.0869467705488205,-0.2272086143493652,-0.8552268147468567,0.3190672993659973,0.0,0.0,-0.8820999264717102,-0.8102265000343323
-0.3929841518402099,0.9999520182609558,0.0883125811815261,-0.2340091913938522,-0.8378801345825195,0.3469334244728088,0.0,0.0,-0.8594194054603577,-0.7049644589424133
-0.3919663429260254,0.9943473935127258,0.0886133760213851,-0.2395130693912506,-0.8186379075050354,0.3848442435264587,0.0,0.0,-0.8833023905754089,-0.914906680583954
-0.3909332752227783,0.9885968565940856,0.0885491147637367,-0.2452605366706848,-0.7975269556045532,0.4222195148468017,0.0,0.0,-0.8987674117088318,-0.7731435894966125
-0.389890968799591,0.9826955795288086,0.0877913534641265,-0.2512689530849457,-0.7745299339294434,0.4599408507347107,0.0,0.0,-0.6613004207611084,-0.8612555265426636
-0.3888259828090668,0.9766384959220886,0.0885403901338577,-0.2577492594718933,-0.7499935030937195,0.4907281398773193,0.0,0.0,-0.6295683979988098,-0.6900830268859863
-0.3877475261688232,0.9704272150993348,0.0881698876619339,-0.2641315162181854,-0.7237394452095032,0.5250812768936157,0.0,0.0,-0.8013231754302979,-0.2735693454742431
-0.3866103589534759,0.964002788066864,0.0935959592461586,-0.273965448141098,-0.6975100636482239,0.5245878100395203,0.0,0.0,-0.5639340281486511,0.2418744564056396
-0.3854147791862488,0.957365095615387,0.0990195348858833,-0.2838005721569061,-0.6713103652000427,0.5239945650100708,0.0,0.0,-0.6184960603713989,0.2574772834777832
-0.3841609060764313,0.9505146741867064,0.1044396311044693,-0.2936367690563202,-0.6451456546783447,0.5232954025268555,0.0,0.0,-0.6485751271247864,0.2654838562011719
-0.3828490674495697,0.9434516429901124,0.1098552346229553,-0.3034739792346954,-0.6190214157104492,0.5224846601486206,0.0,0.0,-0.6741331815719604,0.2909197807312011
-0.3814795613288879,0.9361759424209596,0.1152652949094772,-0.3133121728897095,-0.5929436087608337,0.521556556224823,0.0,0.0,-0.7031437158584595,0.4942523241043091
-0.3800525069236755,0.9286879301071168,0.1206687688827514,-0.3231512904167175,-0.5669183135032654,0.5205055475234985,0.0,0.0,-0.6792940497398376,0.7061970233917236
-0.3785181045532226,0.9209336638450624,0.1325658559799194,-0.3359915018081665,-0.5426590442657471,0.485184907913208,0.0,0.0,-0.7243536710739136,0.2105247974395752
-0.3769272267818451,0.9129661917686462,0.137958288192749,-0.3458260893821716,-0.5184651613235474,0.4838770925998688,0.0,0.0,-0.5437860488891602,0.4911143779754638
-0.3752802908420563,0.9047855138778688,0.1433402001857757,-0.3556612432003021,-0.4943436086177826,0.4824312329292297,0.0,0.0,-0.7710515856742859,0.8243067264556885
-0.373522937297821,0.8963476419448853,0.1556748300790786,-0.367979347705841,-0.4719741940498352,0.4473890662193298,0.0,0.0,-0.7953265309333801,0.3702664375305176
-0.3717104792594909,0.8876960277557373,0.1610361635684967,-0.3778096139431,-0.4496913552284241,0.4456568658351898,0.0,0.0,-0.7922412753105164,0.5567464828491211
-0.3698090016841888,0.8788121342658997,0.1706995368003845,-0.3887333273887634,-0.4284605979919433,0.4246151447296142,0.0,0.0,-0.8509537577629089,0.4638609886169433
-0.3678531646728515,0.8697139620780945,0.1760315299034118,-0.3985609412193298,-0.4073317050933838,0.4225776195526123,0.0,0.0,-0.8796418905258179,0.6484425067901611
-0.3657980859279632,0.860369861125946,0.1871207505464553,-0.4101324677467346,-0.3876357078552246,0.3939199447631836,0.0,0.0,-0.8488712310791016,0.1266103982925415
-0.363689661026001,0.8508108854293823,0.1924169361591339,-0.4199560284614563,-0.3680576086044311,0.3915621638298034,0.0,0.0,-0.834870457649231,0.5589821338653564
-0.3614809513092041,0.84101402759552,0.2036509811878204,-0.431094616651535,-0.34989795088768,0.3631929755210876,0.0,0.0,-0.8946572542190552,-0.1619491577148437
-0.359219878911972,0.8310015797615051,0.2089031487703323,-0.4409141838550567,-0.3318728804588318,0.3605013787746429,0.0,0.0,-0.7414540648460388,-0.2618708610534668
-0.3569068908691406,0.820773720741272,0.2141289263963699,-0.4507336020469665,-0.3139909505844116,0.3576377332210541,0.0,0.0,-0.7319079637527466,0.0132032632827758
-0.3545423448085785,0.8103302717208862,0.2193262130022049,-0.4605527818202972,-0.2962609827518463,0.3545994758605957,0.0,0.0,-0.8409672379493713,-0.4553528428077698
-0.3521267473697662,0.799670934677124,0.2244926691055297,-0.4703716933727264,-0.2786917388439178,0.3513846099376678,0.0,0.0,-0.8287241458892822,-0.4614210128784179
-0.3496606945991516,0.788796067237854,0.2296258509159088,-0.480190247297287,-0.2612921595573425,0.3479913771152496,0.0,0.0,-0.7781163454055786,-0.1950461864471435
-0.3471445441246032,0.7777053117752075,0.2347231656312942,-0.4900084137916565,-0.2440712302923202,0.344418466091156,0.0,0.0,-0.880272626876831,-0.0510280728340148
-0.3445789813995361,0.7663986682891846,0.2397818118333816,-0.4998261034488678,-0.2270379811525344,0.3406649529933929,0.0,0.0,-0.7861828804016113,-0.5212650299072266
-0.3419983983039856,0.7548850774765015,0.2405436336994171,-0.5091233849525452,-0.2093269973993301,0.3542197644710541,0.0,0.0,-0.5605729818344116,-0.0310137271881103
-0.3393694460391998,0.7431555986404419,0.2455153465270996,-0.5189424753189087,-0.1918218731880188,0.3501027226448059,0.0,0.0,-0.3716566562652588,0.0689258575439453
-0.3366928100585937,0.7312105298042297,0.250439316034317,-0.5287609696388245,-0.1745316386222839,0.3458045721054077,0.0,0.0,-0.1306670904159546,-0.0544836521148681
-0.3339691758155823,0.7190494537353516,0.2553121149539947,-0.5385786890983582,-0.1574653387069702,0.3413261771202087,0.0,0.0,-0.2041573524475097,0.0197792053222656
-0.3311992585659027,0.7066722512245178,0.2601301372051239,-0.548395574092865,-0.1406319290399551,0.3366685509681701,0.0,0.0,-0.2160462141036987,0.7007393836975098
-0.3283178210258484,0.6940694451332092,0.2731629014015198,-0.5587807297706604,-0.1257108002901077,0.2984226644039154,0.0,0.0,-0.2332689762115478,0.4358434677124023
-0.3253916203975677,0.6812496185302734,0.2778608202934265,-0.5685916543006897,-0.1110401377081871,0.293413370847702,0.0,0.0,-0.1868577003479004,0.4013506174087524
-0.3224214613437652,0.6682126522064209,0.2824919819831848,-0.5784016251564026,-0.0966286063194274,0.2882306277751922,0.0,0.0,0.3757219314575195,0.7610538005828857
-0.319380909204483,0.6558852195739746,0.2914462089538574,-0.5471190214157104,-0.0841325372457504,0.2499217540025711,0.0,0.0,-0.2490603923797607,-0.2271453142166137
-0.3162981867790222,0.6433399319648743,0.2959312498569488,-0.5569238662719727,-0.0719124674797058,0.2444014847278595,0.0,0.0,-0.5951991677284241,0.2453378438949585
-0.3131741881370544,0.6305766105651855,0.3003361523151397,-0.5667278170585632,-0.0599766410887241,0.2387164831161499,0.0,0.0,0.0889761447906494,0.1561439037322998
-0.3099711537361145,0.617940366268158,0.3084067106246948,-0.5611782073974609,-0.0482185743749141,0.2351613789796829,0.0,0.0,-0.5653923749923706,0.1886533498764038
-0.3067287802696228,0.6050858497619629,0.3126368820667267,-0.5709807872772217,-0.0367606915533542,0.2291578352451324,0.0,0.0,-0.3044905662536621,0.5366959571838379
-0.3034038543701172,0.5920127034187317,0.3223322033882141,-0.5808067321777344,-0.0267236605286598,0.2007408142089843,0.0,0.0,0.1616556644439697,-0.6339229345321655
-0.3000737130641937,0.5794769525527954,0.3218858242034912,-0.5569812059402466,-0.0157337989658117,0.2197971045970916,0.0,0.0,0.0773710012435913,0.5858681201934814
-0.2967022359371185,0.5672658085823059,0.3275933861732483,-0.542647123336792,-0.0063011334277689,0.1886533945798874,0.0,0.0,-0.4065722823143005,-0.092609167098999
-0.2932958602905273,0.5548355579376221,0.3314138948917389,-0.5524444580078125,0.0028020527679473,0.1820637732744217,0.0,0.0,-0.8224616050720215,-0.5897204279899597
-0.2899096608161926,0.5421887040138245,0.3283705413341522,-0.5621296167373657,0.0129203340038657,0.202365756034851,0.0,0.0,-0.6938000321388245,0.5084946155548096
-0.2864474654197693,0.5293294787406921,0.3374313712120056,-0.5716222524642944,0.0215977914631366,0.173549011349678,0.0,0.0,0.2672631740570068,-0.0629650354385376
-0.2828853130340576,0.5169384479522705,0.3474122881889343,-0.5508641004562378,0.0302904117852449,0.1738525331020355,0.0,0.0,-0.3766225576400757,-0.3427372574806213
-0.2792934477329254,0.5043279528617859,0.3507402241230011,-0.5606592297554016,0.0386281050741672,0.1667539775371551,0.0,0.0,-0.1628147363662719,-0.1096884608268737
-0.2756733894348144,0.4914979338645935,0.3539323508739471,-0.5704535841941833,0.0466051660478115,0.1595412343740463,0.0,0.0,-0.5902900099754333,-0.8051978349685669
-0.2720794081687927,0.478448748588562,0.3503579795360565,-0.5802698135375977,0.0555419884622097,0.178736612200737,0.0,0.0,-0.3348817229270935,0.0445483922958374
-0.2684601247310638,0.4651800990104675,0.3532645106315613,-0.5900644659996033,0.0641075447201728,0.1713110208511352,0.0,0.0,-0.108716070652008,-0.1092490553855896
-0.2648171484470367,0.4516917467117309,0.356021523475647,-0.5998583436012268,0.0722969099879264,0.1637872457504272,0.0,0.0,-0.1503299474716186,0.2373033761978149
-0.2611520290374756,0.4379836320877075,0.3586248755455017,-0.6096513271331787,0.0801054462790489,0.1561706811189651,0.0,0.0,0.3229016065597534,-0.1662294864654541
-0.2574004232883453,0.424526184797287,0.367245078086853,-0.5985537767410278,0.0879487842321395,0.1568668633699417,0.0,0.0,0.2979947328567505,-0.3947912454605102
-0.2537918984889984,0.4117801785469055,0.3538262248039245,-0.5669191479682922,0.0949085727334022,0.1391957551240921,0.0,0.0,-0.27565598487854,0.41045081615448
-0.2501662373542785,0.3988139629364013,0.3559474349021911,-0.5767098069190979,0.1014751493930816,0.1313317269086837,0.0,0.0,0.3476157188415527,0.3020906448364258
-0.2465604841709137,0.3865375220775604,0.3542368710041046,-0.5460655093193054,0.1077658608555793,0.1258144527673721,0.0,0.0,-0.5949762463569641,0.2263960838317871
-0.2429409474134445,0.3740406334400177,0.356022834777832,-0.5558549165725708,0.1136564090847969,0.1178110241889953,0.0,0.0,-0.2826107740402221,0.2100567817687988
-0.2393093556165695,0.3613233864307403,0.3576383590698242,-0.5656436085700989,0.1191436350345611,0.1097445860505104,0.0,0.0,-0.0205730199813842,0.6571431159973145
-0.2356264144182205,0.3483882844448089,0.3642210960388183,-0.5752230882644653,0.123193472623825,0.0809968560934066,0.0,0.0,0.3873929977416992,0.4530607461929321
-0.2320748269557953,0.3359768092632293,0.3518580198287964,-0.5518954396247864,0.126474067568779,0.0656119585037231,0.0,0.0,-0.028670847415924,0.3999347686767578
-0.2285164892673492,0.3233445286750793,0.3529563844203949,-0.5616816878318787,0.1293433308601379,0.0573851764202117,0.0,0.0,0.5226014852523804,0.7351970672607422
-0.2250174582004547,0.3115481734275818,0.3489699959754944,-0.5243644118309021,0.1302718371152877,0.0185702517628669,0.0,0.0,-0.0476524829864501,0.4237022399902344
-0.2215150892734527,0.2995308041572571,0.3497239053249359,-0.5341495871543884,0.13078473508358,0.0102580348029732,0.0,0.0,0.325546383857727,0.3533724546432495
-0.2180446684360504,0.2878893613815307,0.3468606173992157,-0.5174135565757751,0.1309659630060196,0.0036245740484446,0.0,0.0,0.491554856300354,0.1785144805908203
-0.214683249592781,0.2768161296844482,0.3365613222122192,-0.4921066164970398,0.1305461674928665,-0.008395966142416,0.0,0.0,0.0445483922958374,0.2798045873641968
-0.2113445252180099,0.2661460936069488,0.3345648646354675,-0.4741648435592651,0.1298604160547256,-0.0137151274830102,0.0,0.0,-0.0947985053062439,0.4790395498275757
-0.2080091536045074,0.2552550435066223,0.3346478641033172,-0.4839500188827514,0.1287529021501541,-0.0221504066139459,0.0,0.0,0.2850745916366577,0.3157073259353637
-0.2047223150730133,0.2448981404304504,0.3301219046115875,-0.4601821601390838,0.1273218840360641,-0.0286204554140567,0.0,0.0,-0.113543152809143,0.2041894197463989
-0.2014420926570892,0.2343202978372573,0.3298851251602173,-0.4699675440788269,0.1254671216011047,-0.0370952188968658,0.0,0.0,0.4440696239471435,0.1185300350189209
-0.1982068121433258,0.2243127226829528,0.3256840407848358,-0.4446043670177459,0.1233243867754936,-0.0428546331822872,0.0,0.0,0.1585278511047363,-0.1139566898345947
-0.1950610131025314,0.2147492468357086,0.3172683715820312,-0.4248231649398803,0.1206421256065368,-0.05364540964365,0.0,0.0,-0.1232876777648925,-0.6942276358604431
-0.1919679641723632,0.2049583941698074,0.3113881647586822,-0.4349793195724487,0.1185832396149635,-0.0411777608096599,0.0,0.0,0.3052471876144409,-0.0076703429222106
-0.1888564079999923,0.1955919116735458,0.3132699728012085,-0.4161233901977539,0.1164757311344146,-0.0421497598290443,0.0,0.0,0.1450804471969604,-0.6815792322158813
-0.1857510507106781,0.1863503009080886,0.3116005957126617,-0.4106554090976715,0.1154123991727829,-0.0212665125727653,0.0,0.0,0.1068834066390991,-0.4603904485702514
-0.1827730238437652,0.1777105927467346,0.2995258271694183,-0.3838534951210022,0.1137011647224426,-0.0342247113585472,0.0,0.0,-0.3068963289260864,-0.6094135046005249
-0.1798592507839203,0.1688346266746521,0.2922839224338531,-0.394418865442276,0.1127938255667686,-0.0181466098874807,0.0,0.0,0.2306036949157714,-0.8027153015136719
-0.1769391000270843,0.1601790338754654,0.2916335165500641,-0.3847241997718811,0.1131768375635147,0.0076602064073085,0.0,0.0,0.0900217294692993,-0.5861649513244629
-0.1740430891513824,0.1521112322807312,0.288317859172821,-0.3586663603782654,0.1144561693072319,0.0255865193903446,0.0,0.0,-0.0486354231834411,-0.4940700531005859
-0.171167179942131,0.1438224911689758,0.2867301106452942,-0.3684521913528442,0.1153116822242736,0.0171104371547698,0.0,0.0,0.3953295946121216,-0.5883313417434692
-0.1683918982744217,0.1362854093313217,0.275825023651123,-0.3351140320301056,0.1170058622956276,0.033883586525917,0.0,0.0,-0.2531190514564514,-0.6604939699172974
-0.1656791716814041,0.1285163015127182,0.2689557671546936,-0.3454769849777221,0.1193118169903755,0.0461191609501838,0.0,0.0,0.2797616720199585,0.005529761314392
-0.1629763543605804,0.1211637556552887,0.2680915296077728,-0.3269559442996979,0.1214918568730354,0.0436008051037788,0.0,0.0,0.3520253896713257,-0.7221800684928894
-0.1604980528354644,0.1142684817314148,0.2447375804185867,-0.30671027302742,0.1245617270469665,0.0613976009190082,0.0,0.0,0.6382924318313599,-0.2255933284759521
-0.1580794304609298,0.1078348979353904,0.2390946596860885,-0.28617063164711,0.1273163408041,0.0550922974944114,0.0,0.0,0.4094390869140625,-0.0840886235237121
-0.1558506935834884,0.1016279757022857,0.2210981398820877,-0.2760166525840759,0.1290773302316665,0.0352197289466857,0.0,0.0,0.3786890506744385,-0.2209650874137878
-0.1536412239074707,0.0958822593092918,0.2192873209714889,-0.255509614944458,0.1307285279035568,0.0330239906907081,0.0,0.0,-0.2425634860992431,0.3829139471054077
-0.151459127664566,0.0899155959486961,0.2169678211212158,-0.2652950286865234,0.1319676339626312,0.0247820019721984,0.0,0.0,0.45772385597229,0.5477228164672852
-0.1493483483791351,0.0846606791019439,0.2113540172576904,-0.2335254997014999,0.1316906064748764,-0.0055405809544026,0.0,0.0,0.1640964746475219,0.1692785024642944
-0.1472883224487304,0.0801036432385444,0.2064203768968582,-0.2024979293346405,0.131276860833168,-0.0082747731357812,0.0,0.0,-0.3676050901412964,-0.4165763258934021
-0.1452574729919433,0.0753256678581237,0.2039040327072143,-0.2122831791639328,0.1304586380720138,-0.0163645166903734,0.0,0.0,-0.4814112782478332,-0.0148648023605346
-0.1432563811540603,0.0703266710042953,0.2013308554887771,-0.2220685631036758,0.1292389333248138,-0.0243941415101289,0.0,0.0,0.1195725202560424,0.3934285640716553
-0.1413302421569824,0.0656500458717346,0.1942374110221862,-0.2077146917581558,0.1276323497295379,-0.0321318097412586,0.0,0.0,0.0335869789123535,0.1229186058044433
-0.1394143104553222,0.0611357800662517,0.1933540403842926,-0.200480043888092,0.1258747279644012,-0.0351522229611873,0.0,0.0,-0.048522412776947,0.0860952138900756
-0.1375294625759124,0.0564007870852947,0.1906350255012512,-0.2102658897638321,0.1237261965870857,-0.0429705306887626,0.0,0.0,0.4167016744613647,0.7453550100326538
-0.1356524527072906,0.0522040948271751,0.1917109191417694,-0.1861918121576309,0.1197447925806045,-0.0796284154057502,0.0,0.0,-0.0801050066947937,0.3103114366531372
-0.1338071823120117,0.047786746174097,0.1889144480228424,-0.1959790289402008,0.1153809651732444,-0.0872765034437179,0.0,0.0,0.2006187438964843,0.0827879905700683
-0.1319816559553146,0.0436458438634872,0.1870916783809662,-0.1836957037448883,0.1108727380633354,-0.0901645496487617,0.0,0.0,-0.0850822329521179,0.3163137435913086
-0.1301885545253753,0.0392844304442405,0.1842324435710907,-0.1934836506843567,0.1059919446706771,-0.097616009414196,0.0,0.0,0.3263375759124756,0.028318166732788
-0.128496840596199,0.0353543870151042,0.1745587587356567,-0.1742925494909286,0.1006395071744918,-0.1070484966039657,0.0,0.0,-0.0066519975662231,0.0652140378952026
-0.1268379241228103,0.0312041137367486,0.1716509461402893,-0.1840815991163253,0.0949258208274841,-0.1142737120389938,0.0,0.0,0.4092710018157959,-0.0600146651268005
-0.1253258734941482,0.0276713948696851,0.1576164215803146,-0.1566143780946731,0.0885775685310363,-0.1269650757312774,0.0,0.0,0.4016644954681396,0.4838501214981079
-0.1239641159772872,0.024908147752285,0.1432069838047027,-0.1224132031202316,0.0816099420189857,-0.1393526494503021,0.0,0.0,-0.354037880897522,0.5469250679016113
-0.1225910186767578,0.0219327546656131,0.1458369791507721,-0.1317977458238601,0.0731737539172172,-0.1687237620353698,0.0,0.0,-0.1677100658416748,0.8173723220825195
-0.1211737617850303,0.0187490079551935,0.1525557935237884,-0.1410048305988311,0.0624537654221057,-0.214399978518486,0.0,0.0,-0.2679436206817627,0.1453826427459716
-0.1197896003723144,0.0153462504968047,0.1495845913887024,-0.1508025079965591,0.0514084473252296,-0.2209062874317169,0.0,0.0,-0.1919358968734741,0.2209348678588867
-0.1184385269880294,0.0117246964946389,0.1466098129749298,-0.1606011092662811,0.0400464981794357,-0.2272390872240066,0.0,0.0,-0.105482280254364,0.6098480224609375
-0.1170802116394043,0.0078875636681914,0.1486729979515075,-0.1702435314655304,0.0273665282875299,-0.2535995841026306,0.0,0.0,0.4480512142181396,-0.5209320187568665
-0.1159498244524002,0.0048207975924015,0.1254733502864837,-0.1361181139945984,0.0150894923135638,-0.2455408871173858,0.0,0.0,0.0376869440078735,0.0850476026535034
-0.1148618683218956,0.0020114516373723,0.1215436905622482,-0.1247786208987236,0.0025017203297466,-0.2517555952072143,0.0,0.0,-0.0848647356033325,-0.0489559173583984
-0.1138064414262771,-0.0010160112287849,0.1185835227370262,-0.1345816105604171,-0.0103622525930404,-0.2572794556617737,0.0,0.0,0.020310640335083,-0.1288002729415893
-0.1127283126115799,-0.0031772993970662,0.102300725877285,-0.0960489809513092,-0.0048617986030876,0.1100988164544105,1.0,1.0,-0.4634901285171509,-0.9764196872711182
-0.1117776855826377,-0.0044956589117646,0.0834509879350662,-0.0588287152349948,0.0064756763167679,0.2265839576721191,1.0,1.0,-0.8613264560699463,-0.9450184106826782
-0.1110156029462814,-0.0049349330365657,0.0646310597658157,-0.0196195039898157,0.0179070252925157,0.2286179065704345,1.0,1.0,-0.8366644382476807,0.0060163736343383
-0.110387422144413,-0.0045633222907781,0.0552309863269329,0.0164036639034748,0.0253948997706174,0.1497436016798019,1.0,1.0,-0.7928794622421265,0.101731538772583
-0.1099393814802169,-0.0038390541449189,0.0502551682293415,0.0322709158062934,0.0200019758194684,-0.107864536345005,1.0,0.0,-0.9487443566322328,0.5262883901596069
-0.1094616875052452,-0.0027607702650129,0.0558809526264667,0.0480125173926353,0.0119974529370665,-0.160089761018753,1.0,0.0,-0.987945556640625,0.4393210411071777
-0.1089915260672569,-0.0016042017377912,0.0557496473193168,0.0514485910534858,0.0033743511885404,-0.172459989786148,1.0,0.0,-0.9692972898483276,0.0296676158905029
-0.1085104942321777,-0.0005755925085395,0.0559306219220161,0.0457120463252067,-0.0043573379516601,-0.1546318233013153,1.0,0.0,-0.9586732387542723,0.7039940357208252
-0.1079496368765831,0.0002672290720511,0.0627360865473747,0.0374244339764118,-0.0109167722985148,-0.1311857253313064,1.0,0.0,-0.9841648936271667,0.4668492078781128
-0.1073816269636154,0.0009382819989696,0.0621144473552703,0.0297770723700523,-0.0161645729094743,-0.1049537882208824,1.0,0.0,-0.969523012638092,0.1562738418579101
-0.1068065613508224,0.0014380669454112,0.0614843741059303,0.0221647024154663,-0.020088218152523,-0.0784710422158241,1.0,0.0,-0.945212185382843,-0.2488499283790588
-0.1062243431806564,0.001766905770637,0.0608475431799888,0.0145796975120902,-0.0226778332144022,-0.0517908036708831,1.0,0.0,-0.8535448908805847,-0.3645191192626953
-0.1056348830461502,0.0019251203630119,0.0602060183882713,0.0070137786678969,-0.0239264070987701,-0.0249702166765928,1.0,0.0,-0.7247409224510193,-0.6411592364311218
-0.1050880402326583,0.0018758034566417,0.0542898699641227,-0.0021881232969462,-0.0235365349799394,0.0077985995449125,1.0,0.0,-0.5312520861625671,-0.3857632875442505
-0.1045340523123741,0.0016559696523472,0.0536456927657127,-0.0097434939816594,-0.0218008998781442,0.034713290631771,1.0,0.0,-0.4078326225280761,-0.4487438201904297
-0.103972814977169,0.0012655472382903,0.0530036613345146,-0.0173083487898111,-0.0187223572283983,0.0615715160965919,1.0,0.0,-0.4475659728050232,0.0653742551803588
-0.1034044250845909,0.0007043933728709,0.0523660667240619,-0.0248915608972311,-0.0143068013712763,0.0883117243647575,1.0,0.0,0.0635414123535156,-0.2159022688865661
-0.1028947830200195,0.0002069687907351,0.0467769838869571,-0.0220730360597372,-0.0101756229996681,0.0826235711574554,1.0,0.0,-0.0424834489822387,-0.1574422121047973
-0.1023789420723915,-0.0004683399165514,0.0462327525019645,-0.0299855396151542,-0.004895104561001,0.1056103557348251,1.0,0.0,0.0018963813781738,0.1175910234451294
-0.1019749641418457,-0.0004720592405647,0.0403942354023456,-0.0001644145668251,-0.0048972708173096,-4.191373591311276e-05,1.0,1.0,-0.7975186109542847,-0.6314936876296997
-0.1016570106148719,-0.0004696273826994,0.031794499605894,0.0001073599414667,-0.004895853344351,2.735111411311664e-05,1.0,1.0,-0.7062089443206787,-0.3974578380584717
-0.1013596504926681,-0.0004695558454841,0.0297402944415807,2.207167653978104e-06,-0.0048958053812384,5.655018640027265e-07,1.0,1.0,-0.7969580888748169,-0.1940828561782837
-0.1010829955339431,-0.0004695558454841,0.0276642143726348,-6.931523444109189e-07,-0.0048958156257867,-1.768881503494413e-07,1.0,1.0,-0.6607040762901306,-0.3398758172988891
-0.100827120244503,-0.0004695558454841,0.0255874190479517,-2.6900464078494224e-08,-0.0048958235420286,-2.512988928060622e-08,1.0,1.0,-0.6116786003112793,-0.1968315839767456
-0.1005920395255088,-0.0004695558454841,0.0235106609761714,1.4194163178160581e-08,-0.0048958151601254,4.4360143336419355e-10,1.0,1.0,-0.5104057788848877,-0.001546561717987
-0.100377656519413,-0.0004695558454841,0.0214339327067136,1.3443648860800296e-08,-0.0048958216793835,-7.164739357357063e-10,1.0,1.0,-0.744250476360321,-0.1644188165664672
-0.1001840606331825,-0.0004695558454841,0.0193572156131267,1.12887255099281e-08,-0.0048958132974803,-3.2174731767753432e-09,1.0,1.0,-0.5033208727836609,-0.1756046414375305
-0.1000112518668174,-0.0004695558454841,0.0172804966568946,8.257072359185713e-09,-0.0048958198167383,2.403433674302846e-09,1.0,1.0,-0.7925490140914917,-0.0243154764175415
-0.0998592376708984,-0.0004695558454841,0.0152037786319851,5.3070192684856465e-09,-0.0048958179540932,-1.7084318404414491e-09,1.0,1.0,-0.8288987874984741,-0.1166266798973083
-0.0997280105948448,-0.0004695558454841,0.0131270606070756,1.5005502396192583e-09,-0.0048958170227706,-1.368248292443752e-09,1.0,1.0,-0.8297290802001953,-0.0378971695899963
-0.0996174812316894,-0.0004695558454841,0.0110503425821661,-1.447418962463587e-09,-0.0048958086408674,-1.9651755778227198e-09,1.0,1.0,-0.5255365371704102,-0.0475359559059143
-0.0995277389883995,-0.0004695558454841,0.0089736254885792,-4.342388670863784e-09,-0.0048958151601254,-2.0933401678746573e-09,1.0,1.0,-0.7099636197090149,-0.0666240453720092
-0.0994587913155555,-0.0004695558454841,0.006896907929331,-7.2369363834923214e-09,-0.0048958067782223,-1.903354140964097e-09,1.0,1.0,-0.911812961101532,-0.1412596702575683
-0.099410630762577,-0.0004695558454841,0.0048201899044215,-1.0131697258941584e-08,-0.004895812831819,-7.324937989494629e-09,1.0,1.0,-0.8582960367202759,0.0207298994064331
-0.0993831604719162,-0.0004695558454841,0.0027434723451733,-1.2225116030606388e-08,-0.0048958044499158,-3.6721228280356404e-09,1.0,1.0,-0.7915002107620239,0.0436017513275146
-0.0993764847517013,-0.0004695558454841,0.0006667543202638,-1.3564066314586398e-08,-0.0048958109691739,1.035568519824892e-09,1.0,1.0,-0.8093662858009338,-0.1051101088523864
-0.0993809700012207,-0.0004695558454841,-0.0004614178033079,-3.023664874035603e-07,-0.0048887310549616,0.0001378504239255,1.0,1.0,-0.7406545877456665,-0.0687381625175476
-0.0993860214948654,-0.0004695558454841,-0.0005196693819016,-3.427088870466833e-07,-0.0048807566054165,0.0001552571193315,1.0,1.0,-0.864382803440094,-0.0621127486228942
-0.0993879288434982,-0.0004695558454841,-0.0001887939142761,-1.2642667002182861e-07,-0.0048778471536934,5.6399585446342826e-05,1.0,1.0,-0.8585653305053711,0.069205641746521
-0.09938745200634,-0.0004695558454841,4.641231498681009e-05,3.0551706942105745e-08,-0.0048785647377371,-1.3869377653463744e-05,1.0,1.0,-0.871021032333374,-0.1027394533157348
-0.0993864983320236,-0.0004695558454841,9.199725900543854e-05,6.001774011110683e-08,-0.004879979416728,-2.748730548773892e-05,1.0,1.0,-0.8737285137176514,-0.013576328754425
-0.0993860214948654,-0.0004695558454841,4.494366658036597e-05,3.088967659437003e-08,-0.0048806774429976,-1.3429596037894951e-05,1.0,1.0,-0.8968374133110046,-0.0544393658638
-0.0993860214948654,-0.0004695558454841,-6.926928222128481e-07,-5.149345949639893e-10,-0.0048806648701429,2.440555988414417e-07,1.0,1.0,-0.8591601252555847,0.0337560176849365
-0.0993862152099609,-0.0004695558454841,-1.513475854153512e-05,-1.0004314709988192e-08,-0.0048804292455315,4.517342858889606e-06,1.0,1.0,-0.8851183652877808,-0.1164987683296203
-0.0993863120675087,-0.0004695558454841,-9.661920557846315e-06,-6.5466547738424205e-09,-0.0048802886158227,2.8927156563440803e-06,1.0,1.0,-0.8732622265815735,-0.1157982945442199
-0.0993863120675087,-0.0004695558454841,-1.3713028010897688e-06,-1.002568028596329e-09,-0.0048802657984197,4.375880848783709e-07,1.0,1.0,-0.884227991104126,-0.0188729166984558
-0.0993863120675087,-0.0004695558454841,2.261162080685608e-06,2.1235251335127714e-09,-0.0048803044483065,-6.915007588759181e-07,1.0,1.0,-0.910765528678894,0.0755858421325683
-0.0993863120675087,-0.0004695558454841,1.92721154235187e-06,1.2522299863704234e-09,-0.0048803291283547,-5.723294407289359e-07,1.0,1.0,-0.8297297358512878,-0.0980834364891052
-0.0993863120675087,-0.0004695558454841,5.2378345571924e-07,3.711227436475895e-10,-0.0048803309909999,-1.6690734128133045e-07,1.0,1.0,-0.8808642625808716,0.1703612804412841
-0.0993863120675087,-0.0004695558454841,-2.9029337156316615e-07,-6.352521286778767e-11,-0.0048803337849676,1.0793390003982497e-07,1.0,1.0,-0.8504633903503418,0.0601056814193725
-0.0993863120675087,-0.0004695558454841,-3.643559693955467e-07,-4.564743305568441e-10,-0.0048803370445966,9.801993883229444e-08,1.0,1.0,-0.9047545790672302,0.0627298355102539
-0.0993863120675087,-0.0004695558454841,-1.4364667322297464e-07,-9.63664842368317e-11,-0.0048803435638546,3.158843142614387e-08,1.0,1.0,-0.9322142601013184,0.0115860700607299
-0.0993863120675087,-0.0004695558454841,3.2793085580351544e-08,5.671113925687088e-11,-0.0048803542740643,-4.5480639698780585e-08,1.0,1.0,-0.9152092337608336,-0.1446099877357483
-0.0993863120675087,-0.0004695558454841,7.015017899902888e-08,-2.0610568807200025e-11,-0.0048803561367094,-4.061429947910256e-08,1.0,1.0,-0.9179943799972534,-0.1066972017288208
-0.0993863120675087,-0.0004695558454841,4.169226741623788e-08,8.451859351277236e-11,-0.0048803519457578,-4.18215222453e-08,1.0,1.0,-0.886282205581665,0.0253127813339233
-0.0993863120675087,-0.0004695558454841,6.103695771031425e-09,-7.86457081099548e-14,-0.0048803524114191,-1.3230346596060372e-08,1.0,1.0,-0.8427327871322632,0.095650315284729
-0.0993863120675087,-0.0004695558454841,-1.6659491564041673e-08,-5.374097278298962e-10,-0.0048803444951772,4.239709028297512e-08,1.0,1.0,-0.921797811985016,-0.1133052706718444
-0.0993863120675087,-0.0004695558454841,-2.3446999009024694e-08,2.916379360229371e-10,-0.0048803426325321,4.5318994779108834e-08,1.0,1.0,-0.9383128881454468,-0.0431281328201293
-0.0993863120675087,-0.0004695558454841,-2.0670661626809306e-08,1.6360135468573844e-10,-0.0048803347162902,4.624403970865387e-08,1.0,1.0,-0.7672445774078369,-0.0541930198669433
-0.0993863120675087,-0.0004695558454841,0.0,0.0,-0.0048803407698869,0.0,1.0,1.0,-0.7672445774078369,-0.0541930198669433
