x_pos,y_pos,x_vel,y_vel,angle,ang_vel,leg_1,leg_2,main_booster,lat_booster
-0.0015492439270019,1.4032881259918213,-0.1569490730762481,-0.3391939997673034,0.0018179413164034,0.0358645059168338,0.0,0.0,-0.0588657855987548,0.6097890138626099
-0.0030725479591637,1.3953403234481812,-0.1528264284133911,-0.3532340228557586,0.0023107281886041,0.0098573882132768,0.0,0.0,0.0136749744415283,0.4149161577224731
-0.004540538880974,1.3874279260635376,-0.1477356106042862,-0.3516637682914734,0.0032284785993397,0.0183567740023136,0.0,0.0,-0.2158945798873901,0.8453676700592041
-0.0059817312285304,1.3791767358779907,-0.1437151432037353,-0.3667222261428833,0.002836336614564,-0.0078436359763145,0.0,0.0,0.1742178201675415,0.5222916603088379
-0.0073091508820652,1.3712867498397827,-0.1315603554248809,-0.3506655693054199,0.0016644155839458,-0.0234407093375921,0.0,0.0,-0.1277046203613281,0.7989575862884521
-0.0085861207917332,1.363059401512146,-0.1245923265814781,-0.3656552731990814,-0.001411767443642,-0.0615293495357036,0.0,0.0,0.1772136688232422,0.2684078216552734
-0.0099054332822561,1.3551133871078491,-0.1287882477045059,-0.3531633019447326,-0.0045258030295372,-0.0622860603034496,0.0,0.0,0.055292010307312,0.1508287191390991
-0.0111544607207179,0.0,-0.1222555190324783,-0.3405903875827789,-0.0071455966681241,-0.0524005703628063,0.0,0.0,-0.4600961804389953,0.2476491928100586
-0.0124307628720998,1.3394510746002195,-0.1250132471323013,-0.3555370569229126,-0.0097244754433631,-0.0515825152397155,0.0,0.0,0.3268928527832031,0.0435038805007934
-0.0137292863801121,1.3319908380508425,-0.1272771060466766,-0.3315872848033905,-0.0122634330764412,-0.0507840029895305,0.0,0.0,-0.222489595413208,0.4882680177688598
-0.0150551795959472,1.3241941928863523,-0.1300622969865799,-0.346538245677948,-0.0147579973563551,-0.0498961433768272,0.0,0.0,-0.3404054641723633,0.5831836462020874
-0.016357135027647,1.3160592317581177,-0.1264186799526214,-0.3615956306457519,-0.0184982512146234,-0.0748118981719017,0.0,0.0,-0.580661416053772,0.1740435361862182
-0.017686653882265,1.3075882196426392,-0.1292226910591125,-0.3765404522418976,-0.0221903920173645,-0.0738495141267776,0.0,0.0,-0.5383254885673523,0.5789878368377686
-0.0189930908381938,1.2987741231918335,-0.125662475824356,-0.3918194770812988,-0.0271139461547136,-0.0984800234436988,0.0,0.0,0.1231418848037719,-0.5138622522354126
-0.0202469825744628,1.2904670238494873,-0.1217156201601028,-0.369275152683258,-0.0307530462741851,-0.0727887526154518,0.0,0.0,-0.7391835451126099,0.7951061725616455
-0.0214548110961914,1.281810998916626,-0.1152691021561622,-0.3848325312137604,-0.0362069271504879,-0.1090874299407005,0.0,0.0,-0.8030462861061096,-0.0473167300224304
-0.0226903911679983,1.2728192806243896,-0.118102803826332,-0.3997752368450165,-0.0416060276329517,-0.1079918593168258,0.0,0.0,-0.7894640564918518,0.4688525199890136
-0.0239539146423339,1.2634916305541992,-0.120944544672966,-0.4147206544876098,-0.0469504855573177,-0.1068986803293228,0.0,0.0,-0.9450799226760864,0.7149300575256348
-0.0251795761287212,1.2538304328918457,-0.1155546680092811,-0.4296247065067291,-0.0538865402340889,-0.1387338936328888,0.0,0.0,-0.3133436441421509,-0.1626138091087341
-0.0264330860227346,1.2438335418701172,-0.1184034496545791,-0.444572776556015,-0.0607638992369174,-0.1375599652528762,0.0,0.0,-0.4196242094039917,0.1472052335739135
-0.0277145393192768,1.2335009574890137,-0.1212580427527427,-0.4595208466053009,-0.0675822868943214,-0.1363801509141922,0.0,0.0,-0.919678032398224,-0.4130071401596069
-0.0290239341557025,1.2228327989578247,-0.1241176128387451,-0.4744688272476196,-0.0743401274085044,-0.1351689547300338,0.0,0.0,0.6830209493637085,0.3810259103775024
-0.0301881786435842,1.2126437425613403,-0.110293447971344,-0.4531665444374084,-0.0804212689399719,-0.121633768081665,0.0,0.0,-0.9068819880485536,-0.0140241384506225
-0.0313804633915424,1.2021186351776123,-0.1131642609834671,-0.4681203663349151,-0.0864399969577789,-0.120385430753231,0.0,0.0,-0.9651744961738586,-0.0372464656829834
-0.0326007828116416,1.1912577152252195,-0.1160370931029319,-0.4830654263496399,-0.0923943817615509,-0.1190979704260826,0.0,0.0,0.4839570522308349,-0.1523777842521667
-0.0339226722717285,1.1810023784637451,-0.1256337463855743,-0.4562139809131622,-0.0988896489143371,-0.129905417561531,0.0,0.0,-0.8253657817840576,0.1417183876037597
-0.0352726951241493,1.1704111099243164,-0.1285294443368911,-0.4711588025093078,-0.1053196266293525,-0.1285994201898574,0.0,0.0,0.1768572330474853,-0.2626720070838928
-0.036681842058897,1.160375952720642,-0.1340687125921249,-0.4465071558952331,-0.1121140494942665,-0.1358884871006012,0.0,0.0,-0.8385509252548218,0.1989433765411377
-0.0381192192435264,1.1500051021575928,-0.1369683444499969,-0.4614521861076355,-0.1188414618372917,-0.1345483958721161,0.0,0.0,-0.7448157668113708,0.318384051322937
-0.0395848266780376,1.139298439025879,-0.1398694515228271,-0.4763970971107483,-0.1255010664463043,-0.1331921815872192,0.0,0.0,0.7438433170318604,0.0382015705108642
-0.0409473404288291,1.129582405090332,-0.1297156065702438,-0.4323923885822296,-0.1320008039474487,-0.1299948245286941,0.0,0.0,-0.8915811777114868,0.7463786602020264
-0.0422874465584754,1.119516134262085,-0.1262581050395965,-0.4480951726436615,-0.1397317349910736,-0.1546182632446289,0.0,0.0,-0.7097203135490417,0.6288270950317383
-0.0436128601431846,1.1091113090515137,-0.1237712502479553,-0.4632814824581146,-0.1484742611646652,-0.1748506426811218,0.0,0.0,-0.4542405605316162,-0.7650856971740723
-0.0450333580374717,1.0983790159225464,-0.1350534856319427,-0.4777057766914367,-0.1554576456546783,-0.1396677196025848,0.0,0.0,-0.8148558735847473,0.1256963014602661
-0.0464820861816406,1.087311029434204,-0.1379573941230774,-0.4926506280899048,-0.1623697280883789,-0.1382420361042022,0.0,0.0,-0.7901468873023987,-0.5826550722122192
-0.0480025298893451,1.0759222507476809,-0.1463518589735031,-0.5067991018295288,-0.1680760830640792,-0.114126905798912,0.0,0.0,0.4554815292358398,-0.1357619762420654
-0.0495070442557334,1.0647964477539062,-0.1447156369686126,-0.4951332211494446,-0.1738169342279434,-0.1148176044225692,0.0,0.0,-0.4546937942504883,0.7372335195541382
-0.0509780868887901,1.0533246994018557,-0.1398845911026001,-0.510725736618042,-0.1810524314641952,-0.1447100043296814,0.0,0.0,-0.0296258330345153,-0.3110703229904175
-0.0524772629141807,1.0415170192718506,-0.1427852809429168,-0.5256707072257996,-0.1882144808769226,-0.1432408839464187,0.0,0.0,-0.7663560509681702,0.1822719573974609
-0.0540045723319053,1.0293737649917605,-0.1456843465566635,-0.5406154990196228,-0.1953026503324508,-0.1417635977268219,0.0,0.0,-0.9810757637023926,-0.7468597888946533
-0.0556273460388183,1.016921043395996,-0.157067209482193,-0.5541560053825378,-0.2005463242530822,-0.1048733443021774,0.0,0.0,-0.056829035282135,0.1215224266052246
-0.0572782531380653,1.0041322708129885,-0.1599614322185516,-0.569098711013794,-0.2057152688503265,-0.1033790335059166,0.0,0.0,0.2915424108505249,0.6342456340789795
-0.05877685546875,0.9913194179534912,-0.1436907649040222,-0.5703290104866028,-0.2119437754154205,-0.1245702058076858,0.0,0.0,-0.9891394972801208,-0.9500908255577089
-0.0603651031851768,0.978188455104828,-0.1543108373880386,-0.5842521786689758,-0.2165020853281021,-0.091166540980339,0.0,0.0,-0.8100589513778687,-0.8214544057846069
-0.0620505325496196,0.9647340774536132,-0.1658405512571334,-0.5983699560165405,-0.2192271053791046,-0.0545002520084381,0.0,0.0,0.8033490180969238,-0.8601390719413757
-0.0636981949210167,0.9514729380607604,-0.1639514714479446,-0.5895068645477295,-0.2200512439012527,-0.0164830330759286,0.0,0.0,0.3814032077789306,-0.6199369430541992
-0.0652860626578331,0.9384166598320008,-0.159374713897705,-0.5801870226860046,-0.219443991780281,0.0121449986472725,0.0,0.0,-0.6814988851547241,-0.8228726983070374
-0.0669755935668945,0.9250578284263612,-0.1715839654207229,-0.5933366417884827,-0.2167874723672866,0.0531304068863391,0.0,0.0,0.3211688995361328,-0.6533110737800598
-0.0687215775251388,0.9123461842536926,-0.1784177124500274,-0.5644083023071289,-0.2129359543323516,0.0770302638411521,0.0,0.0,-0.9025400280952454,0.5373796224594116
-0.0704557448625564,0.899283766746521,-0.1762654334306717,-0.5801429152488708,-0.210051953792572,0.0576799698173999,0.0,0.0,-0.9456923604011536,0.4447263479232788
-0.0722175613045692,0.8858848810195923,-0.1791183352470398,-0.5950839519500732,-0.2070908695459365,0.0592212751507759,0.0,0.0,-0.6363931894302368,0.1426694393157959
-0.0740070343017578,0.8721499443054199,-0.1819638907909393,-0.6100251078605652,-0.2040526419878006,0.0607650764286518,0.0,0.0,-0.7753580808639526,-0.8806852698326111
-0.0758805274963378,0.8580911755561829,-0.1918776333332061,-0.6242126822471619,-0.1994917541742324,0.0912178456783294,0.0,0.0,0.0865484476089477,0.4163117408752441
-0.0776755362749099,0.8444671034812927,-0.1841120719909668,-0.6049011945724487,-0.1948437988758087,0.0929588824510574,0.0,0.0,-0.7905896306037903,-0.2591532468795776
-0.0794979110360145,0.8305069208145142,-0.1869310587644577,-0.6198434233665466,-0.1901184618473053,0.0945066139101982,0.0,0.0,-0.9465689063072203,-0.5711237192153931
-0.0813991576433181,0.8162230849266052,-0.1962248682975769,-0.6340689063072205,-0.1839891374111175,0.1225863099098205,0.0,0.0,-0.8626605272293091,-0.3085141181945801
-0.0833274871110916,0.8016032576560974,-0.1990216076374054,-0.649012565612793,-0.1777824610471725,0.1241335868835449,0.0,0.0,-0.3101930618286133,-0.1087645292282104
-0.0852828994393348,0.7866477370262146,-0.2018053829669952,-0.6639564037322998,-0.1714984625577926,0.1256796568632125,0.0,0.0,-0.5921063423156738,-0.3164304494857788
-0.0872651115059852,0.7713562846183777,-0.2045749127864837,-0.6789003014564514,-0.1651372760534286,0.1272238790988922,0.0,0.0,-0.4535008668899536,0.4753656387329101
-0.089274026453495,0.755729079246521,-0.2073288708925247,-0.6938442587852478,-0.1586990058422088,0.1287654787302017,0.0,0.0,0.3791662454605102,0.6424813270568848
-0.0911645889282226,0.7401949763298035,-0.1943795979022979,-0.6898423433303833,-0.1533847153186798,0.1062860712409019,0.0,0.0,-0.5018504858016968,0.3336615562438965
-0.0930815711617469,0.7243250608444214,-0.1970974504947662,-0.7047854661941528,-0.1479936838150024,0.1078202277421951,0.0,0.0,0.3815656900405884,0.5099332332611084
-0.0948108658194542,0.7087257504463196,-0.1776559203863144,-0.6928366422653198,-0.1432782113552093,0.0943094119429588,0.0,0.0,-0.2068262100219726,-0.1355534195899963
-0.0965661033987999,0.6927905678749084,-0.1803307086229324,-0.7077792882919312,-0.1384865641593933,0.0958326309919357,0.0,0.0,-0.1972875595092773,0.6779389381408691
-0.0982937812805175,0.6765028834342957,-0.1762720644474029,-0.7235706448554993,-0.1349941492080688,0.0698487013578414,0.0,0.0,-0.1600582003593444,0.1068826913833618
-0.1000469177961349,0.659879207611084,-0.1788952648639679,-0.7385126352310181,-0.1314262896776199,0.0713572353124618,0.0,0.0,0.4324415922164917,0.8226463794708252
-0.1016418486833572,0.6440152525901794,-0.1615327149629593,-0.7048857808113098,-0.1293947994709015,0.0406294353306293,0.0,0.0,-0.5063139796257019,0.5350366830825806
-0.1032144576311111,0.6277994513511658,-0.158161848783493,-0.7206281423568726,-0.1285061091184616,0.0177738014608621,0.0,0.0,0.3003925085067749,0.6016367673873901
-0.1046545952558517,0.6122400164604187,-0.1438133418560028,-0.6915429830551147,-0.1286974549293518,-0.0038270629011094,0.0,0.0,-0.4439550638198852,-0.1051867604255676
-0.1061187759041786,0.5963444709777832,-0.1463016420602798,-0.7064840197563171,-0.1288155019283294,-0.0023607965558767,0.0,0.0,0.1675002574920654,-0.0537049174308776
-0.1076095551252365,0.580836832523346,-0.148733764886856,-0.6892601251602173,-0.1291611045598983,-0.0069121308624744,0.0,0.0,0.2340103387832641,0.3131682872772217
-0.1090410202741622,0.5656799077987671,-0.142974391579628,-0.6736576557159424,-0.1293285340070724,-0.0033485896419733,0.0,0.0,-0.0363351106643676,-0.2678854465484619
-0.1104952841997146,0.5501865744590759,-0.1453264057636261,-0.6885986924171448,-0.1294248700141906,-0.0019270641496405,0.0,0.0,0.2283111810684204,0.8479405641555786
-0.11178769916296,0.5349705219268799,-0.1275497078895568,-0.6764179468154907,-0.1310986131429672,-0.0334752835333347,0.0,0.0,0.3486368656158447,-0.011892557144165
-0.1130871772766113,0.5198982954025269,-0.1282166689634323,-0.6700301766395569,-0.1328304857015609,-0.0346375778317451,0.0,0.0,0.6936769485473633,-0.1725006103515625
-0.1142945289611816,0.504971444606781,-0.119393840432167,-0.6635379791259766,-0.1341717392206192,-0.026824926957488,0.0,0.0,0.7388331890106201,-0.1683899164199829
-0.1155075058341026,0.4902459383010864,-0.1198652163147926,-0.6545944809913635,-0.1355997771024704,-0.0285610761493444,0.0,0.0,0.7021399736404419,-0.1574634313583374
-0.1166382804512977,0.4764004647731781,-0.1116662174463272,-0.6154820322990417,-0.1370018869638443,-0.0280421636998653,0.0,0.0,-0.2836488485336303,-0.4417340755462646
-0.1177879348397255,0.4622187316417694,-0.1136245131492614,-0.6304233074188232,-0.13833948969841,-0.0267517380416393,0.0,0.0,0.5718154907226562,0.1040346622467041
-0.1189541816711425,0.4488780498504638,-0.1148519366979599,-0.5930845141410828,-0.1401078552007675,-0.0353672690689563,0.0,0.0,-0.1082999110221862,0.4168137311935425
-0.1201375946402549,0.4352011680603027,-0.1166362017393112,-0.608025848865509,-0.1418146342039108,-0.0341352522373199,0.0,0.0,-0.1710094213485717,0.0604434013366699
-0.121337316930294,0.4211879372596741,-0.1183246597647667,-0.6229671239852905,-0.1434613913297653,-0.032935507595539,0.0,0.0,0.6840763092041016,-0.0798937082290649
-0.1225707978010177,0.4077315330505371,-0.1212660446763038,-0.5982630848884583,-0.1455277055501938,-0.0413262471556663,0.0,0.0,0.1792991161346435,0.3186686038970947
-0.1237869262695312,0.3946654796600342,-0.1194178313016891,-0.5809298753738403,-0.147718608379364,-0.0438183471560478,0.0,0.0,0.7006232738494873,0.534437894821167
-0.1248810738325119,0.3823274374008178,-0.1061762198805809,-0.5486834645271301,-0.1509582698345184,-0.0647928267717361,0.0,0.0,-0.6222903728485107,0.8811814785003662
-0.1259083747863769,0.36963552236557,-0.0975177362561225,-0.5646229386329651,-0.1561634689569473,-0.1041034907102584,0.0,0.0,-0.5407053232192993,0.0821903944015502
-0.1269462555646896,0.3566076457500458,-0.0986417457461357,-0.5795662999153137,-0.1613183915615081,-0.1030984297394752,0.0,0.0,-0.4185316562652588,-0.5390454530715942
-0.1280297338962555,0.3432485163211822,-0.1041487902402877,-0.5941980481147766,-0.165514662861824,-0.0839256420731544,0.0,0.0,-0.3193346261978149,-0.950291872024536
-0.1291772872209549,0.3295671045780182,-0.1120476126670837,-0.6083685755729675,-0.168227344751358,-0.0542537868022918,0.0,0.0,0.6880453824996948,-0.6064336895942688
-0.1301606148481369,0.316114217042923,-0.0972544327378273,-0.5980281233787537,-0.1693073660135269,-0.0216002129018306,0.0,0.0,0.3680781126022339,-0.5858637690544128
-0.1310947388410568,0.3032620847225189,-0.0935368537902832,-0.5711925029754639,-0.1691814064979553,0.00251918239519,0.0,0.0,0.9481552839279176,-0.1842318177223205
-0.1318462342023849,0.2913869619369507,-0.0754870250821113,-0.5277449488639832,-0.1688490509986877,0.0066472264006733,0.0,0.0,-0.7131425142288208,-0.4771444797515869
-0.1326005011796951,0.2791756391525268,-0.0757841318845748,-0.5426862239837646,-0.1684819012880325,0.0073428465984761,0.0,0.0,0.5523276329040527,0.0799499750137329
-0.1332109421491623,0.2670576870441437,-0.061887253075838,-0.5384790897369385,-0.167644590139389,0.0167461391538381,0.0,0.0,-0.0582720637321472,-0.3059470057487488
-0.1338212937116623,0.2546035051345825,-0.0618930757045745,-0.5534206032752991,-0.1667785048484802,0.017321690917015,0.0,0.0,0.6870582103729248,0.1971802711486816
-0.1341983824968338,0.2430948317050933,-0.0390019491314888,-0.5113543272018433,-0.1654870212078094,0.0258292965590953,0.0,0.0,0.9426274299621582,0.3072057962417602
-0.1344892531633377,0.2322467714548111,-0.030270030722022,-0.4820050001144409,-0.1642999947071075,0.0237407423555851,0.0,0.0,0.7055165767669678,-0.6154515147209167
-0.1348253190517425,0.222329169511795,-0.0357044041156768,-0.4405510127544403,-0.1621977090835571,0.0420457050204277,0.0,0.0,0.2624063491821289,0.1866281032562255
-0.1350037604570388,0.2128486037254333,-0.0202718246728181,-0.4210935831069946,-0.1597720980644226,0.0485122688114643,0.0,0.0,-0.2050459384918213,0.2521699666976928
-0.1351750344038009,0.2030320018529892,-0.0195724871009588,-0.4360357224941253,-0.1573342233896255,0.0487573817372322,0.0,0.0,-0.0363733768463134,0.7645590305328369
-0.1352859437465667,0.1928723007440567,-0.0122153861448168,-0.4514211118221283,-0.1562045961618423,0.0225925669074058,0.0,0.0,0.9140619039535522,0.3603812456130981
-0.1353259086608886,0.1832380145788192,-0.004993487149477,-0.4280851483345032,-0.1552030891180038,0.0200300943106412,0.0,0.0,0.6124060153961182,-0.2952300906181335
-0.1353767365217209,0.1741637736558914,-0.0055601261556148,-0.4032497406005859,-0.1547266691923141,0.0095284506678581,0.0,0.0,-0.1365556120872497,-0.6611336469650269
-0.1354803144931793,0.1647670418024063,-0.0124860582873225,-0.4174138903617859,-0.1525995731353759,0.0425419770181179,0.0,0.0,0.7448124885559082,0.1182178258895874
-0.1353447884321212,0.1561338305473327,0.0109004890546202,-0.3834297955036163,-0.1499606817960739,0.0527782663702964,0.0,0.0,0.503293514251709,-0.0240147709846496
-0.1350899636745453,0.1476499587297439,0.0225934218615293,-0.3767712414264679,-0.1470727920532226,0.0577578246593475,0.0,0.0,0.6927962303161621,0.2170920372009277
-0.1345584839582443,0.1399572491645813,0.049579918384552,-0.3415474593639374,-0.1435103118419647,0.0712496191263198,0.0,0.0,0.6254303455352783,-0.7476259469985962
-0.133984088897705,0.1330862790346145,0.0524205677211284,-0.3049024045467376,-0.1385138481855392,0.0999294370412826,0.0,0.0,0.1027834415435791,-0.7800639867782593
-0.1332654953002929,0.1267260164022445,0.0652170330286026,-0.2820790112018585,-0.1319028735160827,0.1322198659181594,0.0,0.0,-0.5332912802696228,-0.6172053813934326
-0.1325716078281402,0.1200387328863143,0.0616946704685688,-0.2965529859066009,-0.1242387443780899,0.15328249335289,0.0,0.0,-0.2598358392715454,0.0941946506500244
-0.1318592131137848,0.1130160689353942,0.0635561868548393,-0.3114999532699585,-0.1166017204523086,0.1527404487133026,0.0,0.0,0.4009854793548584,0.668819785118103
-0.13094063103199,0.106639564037323,0.0854396671056747,-0.2829135358333587,-0.1102240681648254,0.1275532245635986,0.0,0.0,-0.19862961769104,0.331005334854126
-0.1300023049116134,0.0999274551868438,0.0874432772397995,-0.2978590428829193,-0.1038802787661552,0.1268758475780487,0.0,0.0,0.125898003578186,0.488940954208374
-0.1290827691555023,0.0935212671756744,0.085979089140892,-0.2843157947063446,-0.0979592278599739,0.118421196937561,0.0,0.0,0.0746736526489257,0.0707944631576538
-0.1281927078962326,0.0872914642095565,0.0834610611200332,-0.2765263319015503,-0.0924647450447082,0.109889842569828,0.0,0.0,0.2584831714630127,0.3169599771499634
-0.1272580176591873,0.0813695788383483,0.0880517959594726,-0.2628699541091919,-0.0870895460247993,0.1075042337179184,0.0,0.0,0.0613690614700317,0.4964156150817871
-0.1262548416852951,0.0756218507885932,0.0948499515652656,-0.2551467418670654,-0.0816835612058639,0.1081198006868362,0.0,0.0,0.2865078449249267,0.8343480825424194
-0.1250256597995758,0.0699269846081733,0.1190826743841171,-0.2528989613056183,-0.0778811573982238,0.076047882437706,0.0,0.0,0.4066989421844482,-0.1222743988037109
-0.1236456856131553,0.0647572576999664,0.1338231116533279,-0.2295572906732559,-0.073746882379055,0.0826854258775711,0.0,0.0,0.0578815937042236,-0.2392467260360717
-0.1221885681152343,0.060022410005331,0.1415186375379562,-0.2102363854646682,-0.0695929899811744,0.0830775648355484,0.0,0.0,0.2417874336242675,-0.9018089175224304
-0.1207079887390136,0.0552942864596843,0.1420654654502868,-0.2098706662654876,-0.063671700656414,0.1184259429574012,0.0,0.0,-0.0075254440307617,-0.4798319339752197
-0.1192037612199783,0.0502304881811142,0.1444994807243347,-0.22481569647789,-0.0578099228441715,0.1172356754541397,0.0,0.0,0.1870250701904297,-0.0809087753295898
-0.1175829917192459,0.0454665273427963,0.155887633562088,-0.211506649851799,-0.0516965389251709,0.1222677230834961,0.0,0.0,0.140421986579895,-0.5228798985481262
-0.1159823387861251,0.0412730537354946,0.1529580652713775,-0.1861487329006195,-0.0446714535355567,0.1405017673969268,0.0,0.0,0.2048311233520507,-0.6587952375411987
-0.1144232749938964,0.037167701870203,0.1475715935230255,-0.182234302163124,-0.036441545933485,0.164598137140274,0.0,0.0,0.264764666557312,0.3556725978851318
-0.1128333061933517,0.0335583053529262,0.1508010774850845,-0.1602436155080795,-0.0283444132655859,0.1619426310062408,0.0,0.0,0.3414230346679687,-0.4898661971092224
-0.1112949401140213,0.0303824990987777,0.1461355984210968,-0.1410192400217056,-0.0207384712994098,0.1521189510822296,0.0,0.0,0.1859710216522216,-0.1326977610588073
-0.1097683906555175,0.0276350602507591,0.1452487409114837,-0.1220250651240348,-0.0134238582104444,0.1462922096252441,0.0,0.0,-0.0789399147033691,-0.6571913957595825
-0.1082591041922569,0.0245481580495834,0.1425112336874008,-0.1371423155069351,-0.0051126526668667,0.1662238836288452,0.0,0.0,0.2066143751144409,-0.332358717918396
-0.1067254096269607,0.0217994302511215,0.1450410038232803,-0.12216068059206,0.0031082862988114,0.1644189953804016,0.0,0.0,0.0561507940292358,-0.6318109035491943
-0.1053077727556228,0.0194956641644239,0.1323530375957489,-0.102442018687725,0.0124011551961302,0.1858572214841842,0.0,0.0,-0.1051035523414611,0.074053406715393
-0.1038642898201942,0.0168567281216382,0.1350087225437164,-0.1173909604549408,0.0216169599443674,0.1843162477016449,0.0,0.0,0.1018438339233398,0.5289268493652344
-0.102319911122322,0.0142711494117975,0.1461760252714157,-0.1150560602545738,0.0297733191400766,0.1631273925304412,0.0,0.0,-0.0843769311904907,-0.0375434756278991
-0.1007494926452636,0.0113502601161599,0.1488571465015411,-0.1300032138824463,0.0378503762185573,0.1615411937236786,0.0,0.0,0.2989877462387085,0.2229634523391723
-0.0992489829659462,0.0090724201872944,0.1422883868217468,-0.1014526411890983,0.0455176793038845,0.1533460915088653,0.0,0.0,-0.4540120363235473,0.5647836923599243
-0.0976882949471473,0.0064615225419402,0.1492589712142944,-0.1162619963288307,0.0522474274039268,0.134594976902008,0.0,0.0,-0.1318529844284057,-0.1986787319183349
-0.0961013808846473,0.003514990909025,0.1519699990749359,-0.1312071979045868,0.0588950589299202,0.1329527348279953,0.0,1.0,0.2744044065475464,0.778388500213623
-0.0945737808942794,0.0013971185544505,0.1566374003887176,-0.0941939130425453,0.0541819594800472,-0.0953924357891082,0.0,1.0,-0.493628978729248,0.0619426965713501
-0.0932032614946365,-0.000711205007974,0.1543216407299041,-0.0931776985526084,0.0370931848883628,-0.3418139815330505,0.0,1.0,-0.1331766247749328,-0.1277647018432617
-0.091953657567501,-0.0028617286588996,0.1524925529956817,-0.0951366871595382,0.0098620187491178,-0.5446752905845642,0.0,1.0,0.3143408298492431,-0.4429779052734375
-0.0906717330217361,-0.0036055231466889,0.1441272646188736,-0.0330436266958713,-0.0058561982586979,-0.3143475651741028,1.0,1.0,-0.0244423747062683,-0.9956820011138916
-0.0894715338945388,-0.0037797593977302,0.1237332224845886,-0.00776869058609,-0.0095210904255509,-0.0732929185032844,1.0,1.0,-0.3576737642288208,-0.9879594445228576
-0.0883831977844238,-0.003336408175528,0.1054347306489944,0.0197143759578466,-0.0061800582334399,0.0668198019266128,1.0,1.0,-0.6338745951652527,-0.9818134307861328
-0.0875568389892578,-0.0022663855925202,0.0796110332012176,0.047545950859785,-0.0031657270155847,0.0603297427296638,1.0,1.0,-0.8495721220970154,-0.9412004351615906
-0.0869163498282432,-0.0007644915604032,0.0609894879162311,0.0667676106095314,-0.0001691946526989,0.0598985143005847,1.0,1.0,-0.899282693862915,-0.9115604162216188
-0.0863471999764442,0.0003622865770012,0.0526183173060417,0.0500744059681892,0.0040758303366601,0.0849006921052932,1.0,1.0,-0.7763732075691223,-0.835116446018219
-0.0858503356575965,0.0011455273488536,0.0435492806136608,0.0347799882292747,0.0101375374943017,0.1212340965867042,0.0,1.0,-0.9601249098777772,0.7574863433837891
-0.0852882415056228,0.0016145205590873,0.0524931848049163,0.0208168141543865,0.0138129470869898,0.0735080018639564,0.0,1.0,-0.9465906620025636,0.5952529907226562
-0.0847003012895584,0.0017840004293248,0.0574411526322364,0.0075194225646555,0.0151447569951415,0.0266360975801944,0.0,1.0,-0.9400370717048644,0.3005547523498535
-0.0841374397277832,0.0016795014962553,0.0571231245994567,-0.0046350630000233,0.0143228713423013,-0.016437578946352,0.0,1.0,-0.8338383436203003,0.0164980888366699
-0.08359956741333,0.0013011312112212,0.0568054802715778,-0.0167913474142551,0.0113475648686289,-0.0595061406493186,0.0,1.0,-0.8516944050788879,-0.1580538153648376
-0.0830864906311035,0.0006487107020802,0.0564903132617473,-0.028965963050723,0.0062280804850161,-0.1023899167776107,0.0,1.0,-0.5557679533958435,-0.036609947681427
-0.0825981125235557,-0.0002779746137093,0.056179653853178,-0.0411747954785823,-0.0010176448849961,-0.1449145525693893,0.0,1.0,-0.3254668712615967,0.0559237003326416
-0.0821609497070312,-0.0005173707031644,0.0456058569252491,-0.0106441807001829,-0.0028793099336326,-0.0372335687279701,1.0,1.0,-0.2986503839492798,-0.8192416429519653
-0.0818428993225097,-0.0005142951267771,0.0318038538098335,0.0001374449930153,-0.0028775751125067,3.3652802812866867e-05,1.0,1.0,-0.7098690271377563,-0.4828312397003174
-0.0815564170479774,-0.0005126500036567,0.0286472737789154,7.453942816937342e-05,-0.0028766300529241,1.825092658691574e-05,1.0,1.0,-0.4525376558303833,-0.1902092099189758
-0.0813014954328537,-0.0005126500036567,0.0254935435950756,7.930390921728758e-08,-0.0028766354080289,4.908616624277329e-09,1.0,1.0,-0.7326898574829102,-0.1397610902786255
-0.0810782462358474,-0.0005126500036567,0.022324051707983,-5.062400418864854e-07,-0.0028766423929482,-1.2309547514632868e-07,1.0,1.0,-0.690039336681366,0.0693105459213256
-999.0,-0.0005126500036567,0.0191543474793434,-1.9138765239290482e-08,-0.0028766496106982,-1.912769853618101e-08,1.0,1.0,-0.6354317665100098,-0.1144701242446899
-0.0807269066572189,-0.0005126500036567,0.0159846823662519,2.1118855997315226e-08,-0.0028766538016498,2.582788738436648e-08,1.0,1.0,-0.5529919266700745,-0.1014716029167175
-0.08059873431921,-0.0005126500036567,0.0128150433301925,2.0435257042095145e-08,-0.0028766512405127,2.6531148833441875e-08,1.0,1.0,-0.7974869012832642,0.0392084121704101
-0.0805023163557052,-0.0005126500036567,0.0096454126760363,1.1632666385708036e-08,-0.002876658225432,-5.704260952477114e-10,1.0,1.0,-0.8855943083763123,-0.0395273566246032
-0.0804375633597374,-0.0005126500036567,0.0064757848158478,3.3504936602923863e-09,-0.0028766645118594,-1.6752302656186657e-08,1.0,1.0,-0.635868489742279,-0.0843401551246643
-0.0804044753313064,-0.0005126500036567,0.0033061555586755,-5.789775325837354e-09,-0.002876674523577,-4.44532233245809e-08,1.0,1.0,-0.9263358116149902,-0.1492354869842529
-0.080403134226799,-0.0005126500036567,0.0001365260104648,-1.1268775246264797e-08,-0.0028766819741576,-4.4109356167609803e-08,1.0,1.0,-0.8931412100791931,-0.0866200923919677
-0.0804128646850586,-0.0005126500036567,-0.0009951369138434,-4.187050421933236e-07,-0.0028617887292057,0.0002898519451264,1.0,1.0,-0.8120017051696777,-0.0057179331779479
-0.0804197341203689,-0.0005126500036567,-0.0006965467473492,-2.959009464120755e-07,-0.0028513681609183,0.0002028843446169,1.0,1.0,-0.6848633885383606,0.0169513225555419
-0.0804210677742958,-0.0005126500036567,-0.0001303260942222,-5.52946701759538e-08,-0.0028494084253907,3.795836892095394e-05,1.0,1.0,-0.8900834321975708,-0.0037201642990112
-0.0804196372628212,-0.0005126500036567,0.0001427379902452,5.838937866542437e-08,-0.0028515404555946,-4.158693991485052e-05,1.0,1.0,-0.7089595198631287,-0.1140834093093872
-0.0804183036088943,-0.0005126500036567,0.0001361619069939,5.617724596618245e-08,-0.0028535781893879,-3.964498318964616e-05,1.0,1.0,-0.6429879069328308,0.0140880346298217
-0.0804179161787033,-0.0005126500036567,4.243461444275454e-05,1.7292814291636205e-08,-0.0028542089276015,-1.2365378097456414e-05,1.0,1.0,-0.7481303215026855,-0.0449976921081543
-0.0804181098937988,-0.0005126500036567,-1.6795396732049994e-05,-6.9848700157137955e-09,-0.0028539558406919,4.899447048956063e-06,1.0,1.0,-0.7810750603675842,-0.065211534500122
-0.0804183930158615,-0.0005126500036567,-2.4895212845876813e-05,-1.1103407082657668e-08,-0.0028535600285977,7.249533609865466e-06,1.0,1.0,-0.9412713050842284,0.0396294593811035
-0.0804184898734092,-0.0005126500036567,-1.0805954843817744e-05,-5.111011613934124e-09,-0.002853418001905,3.152415274598752e-06,1.0,1.0,-0.8936867117881775,-0.0605874061584472
-0.0804184898734092,-0.0005126500036567,1.082281414710451e-06,9.105574627632507e-10,-0.0028534270823001,-3.3642703556324705e-07,1.0,1.0,-0.8584600687026978,-0.0011195540428161
-0.0804184898734092,-0.0005126500036567,4.250194706401089e-06,1.940173355308161e-09,-0.002853485289961,-1.2470778756323853e-06,1.0,1.0,-0.8659545183181763,-0.1119895577430725
-0.0804184898734092,-0.0005126500036567,2.4351079446205404e-06,1.8122582323698566e-09,-0.0028535292949527,-7.229725724755554e-07,1.0,1.0,-0.8577538132667542,-0.0409508943557739
-0.0804184898734092,-0.0005126500036567,2.041811768549451e-07,3.2017101643522228e-12,-0.0028535313904285,-6.6695733380584e-08,1.0,1.0,-0.8046756386756897,0.0076229572296142
-0.0804184898734092,-0.0005126500036567,-6.698851393593941e-07,-8.035062060152143e-10,-0.0028535195160657,1.9859746203110265e-07,1.0,1.0,-0.6672704219818115,-0.1131068468093872
-0.0804184898734092,-0.0005126500036567,-5.134343723511847e-07,-6.010849040727351e-10,-0.002853512763977,2.208503957490393e-07,1.0,1.0,-0.8722124099731445,-0.1173563003540039
-0.0804184898734092,-0.0005126500036567,-1.2160356277490794e-07,1.7162318788344066e-10,-0.002853499725461,7.967804549480206e-08,1.0,1.0,-0.7913932800292969,-0.085465669631958
-0.0804184898734092,-0.0005126500036567,9.725998495468957e-08,-6.304378685761947e-10,-0.0028535092715173,-7.827600967402759e-08,1.0,1.0,-0.934113085269928,-0.0264675021171569
-0.0804184898734092,-0.0005126500036567,1.109679814703668e-07,-1.8115373090488163e-10,-0.0028535039164125,-7.93962797729364e-08,1.0,1.0,-0.8263804316520691,0.0073691606521606
-0.0804184898734092,-0.0005126500036567,5.791072155147958e-08,1.1340090672051771e-10,-0.002853512763977,-7.807526714032066e-08,1.0,1.0,-0.7876607179641724,-0.1816187500953674
-0.0804184898734092,-0.0005126500036567,7.941267199385038e-09,-5.092239963033761e-10,-0.0028535115998238,-2.922522845949516e-08,1.0,1.0,-0.8914685845375061,-0.0216176509857177
-0.0804184898734092,-0.0005126500036567,-3.6258359870089414e-08,-1.4734513609226951e-09,-0.0028534985613077,9.314975812912962e-08,1.0,1.0,-0.803291916847229,-0.1309670805931091
-0.0804184898734092,-0.0005126500036567,-4.631489147755019e-08,1.2738947396950806e-10,-0.002853499026969,9.055507632638182e-08,1.0,1.0,-0.7541531920433044,-0.1964576244354248
-0.0804184898734092,-0.0005126500036567,-4.001119080498938e-08,-6.643965377861605e-10,-0.0028534855227917,9.02079619891083e-08,1.0,1.0,-0.6744029521942139,0.1107548475265502
-0.0804184898734092,-0.0005126500036567,0.0,0.0,-0.0028534862212836,0.0,1.0,1.0,-0.6744029521942139,0.1107548475265502
