x_pos,y_pos,x_vel,y_vel,angle,ang_vel,leg_1,leg_2,main_booster,lat_booster
-0.0015474319225177,1.4035186767578125,-0.156554490327835,-0.3289525210857391,0.0016155614284798,0.0318576022982597,0.0,0.0,0.506887378134689,0.8794763562982353
-0.0029953955672681,1.3966617584228516,-0.144516184926033,-0.3047536313533783,0.0013493718579411,-0.0053235599771142,0.0,0.0,-0.7431140429376404,-0.8962490782762554
-0.0045179366134107,1.389691710472107,-0.153202623128891,-0.309779554605484,0.0022762974258512,0.0185403134673833,0.0,0.0,-0.5966857226727309,0.6584533639362073
-0.0060171126388013,1.3826137781143188,-0.1495952308177948,-0.314569741487503,0.0019618773367255,-0.0062888031825423,0.0,0.0,-0.4825730804491983,-0.8832493502860665
-0.0075869560241699,1.3754327297210691,-0.1578592658042907,-0.3191577196121216,0.0028211991302669,0.0171878729015588,0.0,0.0,-0.7735481245050655,-0.5331723933866159
-0.0092037199065089,1.368145227432251,-0.1631540060043335,-0.3239015936851501,0.0042873341590166,0.0293255858123302,0.0,0.0,-0.3626623928824968,-0.5830754005192649
-0.0108805652707815,1.3607512712478638,-0.1701773405075073,-0.3286207020282745,0.0067372708581388,0.0490036234259605,0.0,0.0,0.0654894542035642,-0.7823244780131879
-0.0125214578583836,1.353880524635315,-0.1679831445217132,-0.305391252040863,0.0105925891548395,0.0771135166287422,0.0,0.0,0.833944525816166,0.8947707270002545
-0.0141260148957371,1.3483078479766846,-0.1623107343912124,-0.2476909607648849,0.0124222282320261,0.0365959927439689,0.0,0.0,0.6213171856340285,-0.9079016315066866
-0.0158198364078998,1.3437025547027588,-0.1728198230266571,-0.2047062218189239,0.0158217418938875,0.0679965019226074,0.0,0.0,-0.2232369214575338,-0.72191137645915
-0.0175690650939941,1.3389910459518433,-0.1793587356805801,-0.2094537168741226,0.0202134195715188,0.0878413021564483,0.0,0.0,0.8657896365914355,-0.9842817360499884
-0.0193242076784372,1.3350672721862793,-0.1818338632583618,-0.1744933426380157,0.0264685750007629,0.1251144856214523,0.0,0.0,0.4888010183046964,0.6567799705079573
-0.0209197048097848,1.3319934606552124,-0.164594829082489,-0.1367119699716568,0.0314531810581684,0.0997011736035347,0.0,0.0,0.2414641728421585,0.6721191826781405
-0.022415542975068,1.3292131423950195,-0.1531106233596801,-0.1236564069986343,0.0349544510245323,0.07003153860569,0.0,0.0,0.0374561783975526,-0.8948712894840409
-0.0238967891782522,1.3271141052246094,-0.153209775686264,-0.0934179872274398,0.039985604584217,0.100632295012474,0.0,0.0,-0.3916246232367462,0.738070737197122
-0.0253097526729106,1.3249046802520752,-0.1443814933300018,-0.0982811152935028,0.043035939335823,0.0610122308135032,0.0,0.0,0.9740034730043424,0.5830968616445487
-0.0265456195920705,1.3241422176361084,-0.1257607638835907,-0.0339479632675647,0.0451852157711982,0.0429895855486393,0.0,0.0,-0.0648776228862519,-0.7138759210214844
-0.0278233531862497,1.323264718055725,-0.1307726204395294,-0.0390940643846988,0.0481636635959148,0.0595740973949432,0.0,0.0,0.8422520781346041,-0.533998622077875
-0.0290696136653423,1.3236329555511477,-0.1287850141525268,0.01622742600739,0.0522810630500316,0.0823555812239646,0.0,0.0,0.5430213716248482,-0.8472417450102367
-0.0304920189082622,1.3246748447418213,-0.1477186381816864,0.0461059361696243,0.0576964430510997,0.1083172708749771,0.0,0.0,-0.3768970404650165,0.7660465442570765
-0.0318387039005756,1.3256229162216189,-0.1379958540201187,0.0420030765235424,0.0610045902431011,0.0661689117550849,0.0,0.0,0.0232480250773423,-0.971751006688902
-0.0332661643624305,1.3268638849258425,-0.1477754116058349,0.0549394413828849,0.0659819468855857,0.0995560437440872,0.0,0.0,0.9675358541932472,-0.8136301847415619
-0.0346286781132221,1.3289788961410522,-0.1430175453424453,0.0936858728528022,0.0726837590336799,0.1340482085943222,0.0,0.0,0.919399641799818,0.7869390789589539
-0.0358628258109092,1.3315385580062866,-0.1285300254821777,0.1134969219565391,0.0777507871389389,0.1013495698571205,0.0,0.0,0.6082999199159231,0.5674564282106684
-0.0372451767325401,1.3349183797836304,-0.1415536850690841,0.1500446945428848,0.0810479596257209,0.0659492164850235,0.0,0.0,-0.4716755671172159,0.7389587612787756
-0.0385778434574604,1.3381803035736084,-0.1352012008428573,0.1448644250631332,0.0829623043537139,0.0382867529988288,0.0,0.0,0.0436509649992358,0.5324951299848613
-0.0398995392024517,1.3420308828353882,-0.1327638775110244,0.1711077541112899,0.0835523456335067,0.0118007827550172,0.0,0.0,-0.3034607777711158,0.5132246034015657
-0.0411852821707725,1.3457849025726318,-0.1280982196331024,0.1668674349784851,0.0830726027488708,-0.0095945075154304,0.0,0.0,0.4295141081529807,0.9988317280138368
-0.0425737388432025,1.3504365682601929,-0.1359818279743194,0.2068963497877121,0.0802412778139114,-0.0566263571381568,0.0,0.0,0.4060396927234442,0.8738912450310374
-0.0439424514770507,1.3556053638458252,-0.1319595873355865,0.2299824059009552,0.0753796845674514,-0.0972322076559066,0.0,0.0,0.16054912574523,0.6786398542306085
-0.0452842712402343,1.361573576927185,-0.1276496946811676,0.2655684649944305,0.0689143687486648,-0.1293061226606369,0.0,0.0,-0.7876835465431213,-0.9200393557548524
-0.0467045791447162,1.367422342300415,-0.1373104900121688,0.2601546347141266,0.0642498210072517,-0.0932909846305847,0.0,0.0,-0.7952828407287598,-0.7831839919090271
-0.0481925979256629,1.3731658458709717,-0.1456100195646286,0.2554017603397369,0.0610872320830822,-0.06325164437294,0.0,0.0,-0.7755323052406311,-0.7268432974815369
-0.0497416481375694,1.378791093826294,-0.1530514061450958,0.2500842213630676,0.0592569261789321,-0.0366063229739666,0.0,0.0,-0.6193456053733826,-0.4011023044586181
-0.0512890815734863,1.3843103647232056,-0.152619332075119,0.2453850358724594,0.0571576319634914,-0.0419857762753963,0.0,0.0,-0.7202779054641724,-0.3739075064659118
-0.0528356544673442,1.3897238969802856,-0.1522613912820816,0.2406857311725616,0.0547895841300487,-0.0473609417676925,0.0,0.0,-0.6422091126441956,-0.2948976755142212
-0.0543821342289447,1.3950313329696655,-0.1519853770732879,0.2359862625598907,0.0521530844271183,-0.0527300313115119,0.0,0.0,-0.7423523664474487,-0.6717332601547241
-0.0559794418513774,1.4002342224121094,-0.1580565422773361,0.2312989681959152,0.0504997223615646,-0.033067300915718,0.0,0.0,-0.5355688333511353,-0.493188738822937
-0.0575785636901855,1.4053313732147217,-0.1579673290252685,0.2265996187925338,0.0485787764191627,-0.0384188070893287,0.0,0.0,-0.6683564782142639,-0.3380587697029114
-0.0591805465519428,1.4103225469589231,-0.1579824835062027,0.2219001650810241,0.0463908389210701,-0.0437589362263679,0.0,0.0,-0.4375654458999634,-0.5053020715713501
-0.0608336441218853,1.4152088165283203,-0.1640226542949676,0.2172069996595382,0.0451194122433662,-0.0254285279661417,0.0,0.0,-0.5276030898094177,-0.5518584847450256
-0.0625265091657638,1.4199856519699097,-0.1686159074306488,0.2123211920261383,0.0444554761052131,-0.0132788363844156,0.0,0.0,-0.3069961071014404,-0.3003531098365783
-0.0642257705330848,1.4246563911437988,-0.1689856350421905,0.2076218724250793,0.0435267016291618,-0.0185754615813493,0.0,0.0,-0.4955875277519226,-0.2229925394058227
-0.0659326538443565,1.4292213916778564,-0.1694865077733993,0.2029225379228592,0.0423339791595935,-0.0238545089960098,0.0,0.0,-0.6628378629684448,-0.5422570109367371
-0.0676941871643066,1.433671236038208,-0.1758490651845932,0.1977753490209579,0.0420308299362659,-0.0060628675855696,0.0,0.0,-0.3326874375343323,-0.3674339652061462
-0.0694662109017372,1.4380149841308594,-0.1766300052404403,0.1930759996175766,0.0414656959474086,-0.011302450671792,0.0,0.0,-0.4122645258903503,-0.6150519847869873
-0.0712937340140342,1.4422467947006226,-0.1830337196588516,0.1880754828453064,0.0417397990822792,0.0054822829551994,0.0,0.0,-0.4745150804519653,-0.388203501701355
-0.0731348022818565,1.4463728666305542,-0.1841164529323578,0.1833761185407638,0.0417541749775409,0.000287582835881,0.0,0.0,-0.3732575178146362,-0.3497099876403808
-0.0749908462166786,1.4503928422927856,-0.1853574216365814,0.1786767840385437,0.0415100380778312,-0.0048827012069523,0.0,0.0,-0.4854005575180053,-0.2372270822525024
-0.07686348259449,1.4543070793151855,-0.1867610216140747,0.1739774197340011,0.0410086624324321,-0.0100273508578538,0.0,0.0,-0.4693275690078735,-0.2835423946380615
-0.0787544250488281,1.4581153392791748,-0.1883313953876495,0.169278010725975,0.0402514152228832,-0.0151450056582689,0.0,0.0,-0.4317831993103027,-0.5375871062278748
-0.0807120352983474,1.4618183374404907,-0.1959252059459686,0.1645809710025787,0.0404108315706253,0.0031886207871139,0.0,0.0,-0.3756586909294128,-0.2422651648521423
-0.0826913863420486,1.4654157161712646,-0.1978398412466049,0.1598815470933914,0.0403172522783279,-0.0018715560436248,0.0,0.0,-0.0590969920158386,0.2367112636566162
-0.0846941918134689,1.468907117843628,-0.1999312341213226,0.1551821380853653,0.0399721972644329,-0.0069012800231575,0.0,0.0,-0.3385635018348694,-0.3342752456665039
-0.0867221802473068,1.4722925424575806,-0.2022019177675247,0.1504827141761779,0.0393772348761558,-0.0118990670889616,0.0,0.0,-0.1920605301856994,-0.4118188023567199
-0.0887773483991622,1.4755723476409912,-0.2046541273593902,0.1457832753658294,0.0385340489447116,-0.016864089295268,0.0,0.0,-0.3741745948791504,-0.7029801607131958
-0.090908333659172,1.4787497520446775,-0.2131918370723724,0.1412196308374405,0.0386234447360038,0.0017880080267786,0.0,0.0,-0.3600993156433105,-0.4272773265838623
-0.0930700302124023,1.4818212985992432,-0.2160118371248245,0.1365201920270919,0.0384680405259132,-0.003107844851911,0.0,0.0,-0.450268805027008,-0.2783428430557251
-0.0952642410993576,1.4847872257232666,-0.2190173864364624,0.1318207383155822,0.0380696915090084,-0.0079671908169984,0.0,0.0,-0.6347262263298035,-0.3368512988090515
-0.097492791712284,1.4876469373703003,-0.2222090065479278,0.1271212548017501,0.0374302417039871,-0.0127889038994908,0.0,0.0,-0.4376859664916992,-0.4978358745574951
-0.0997574776411056,1.490401029586792,-0.2255868166685104,0.1224217340350151,0.036551646888256,-0.0175717547535896,0.0,0.0,-0.4776923656463623,-0.8131074905395508
-0.1021353751420974,1.4930492639541626,-0.2385723888874054,0.1176802366971969,0.0373220779001712,0.0154087767004966,0.0,0.0,-0.5850275158882141,-0.2577719092369079
-0.1045531257987022,1.495591640472412,-0.2423214465379715,0.11298069357872,0.0378574505448341,0.0107074696570634,0.0,0.0,-0.5044980645179749,-0.1885265707969665
-0.1070126518607139,1.498028039932251,-0.2462547570466995,0.1082811653614044,0.038159891963005,0.0060489131137728,0.0,0.0,-0.6357861757278442,0.2940483093261719
-0.1095156669616699,1.5003585815429688,-0.2503709197044372,0.1035816669464111,0.0382316336035728,0.0014347017277032,0.0,0.0,-0.5407838225364685,-0.1686148643493652
-0.1120638847351074,1.5025835037231443,-0.2546680569648742,0.0988821685314178,0.0380749404430389,-0.0031337912660092,0.0,0.0,-0.6320184469223022,-0.6532130837440491
-0.1147092804312706,1.504707098007202,-0.2654133439064026,0.094362236559391,0.0389441922307014,0.0173848997801542,0.0,0.0,-0.7131689786911011,-0.4783265590667724
-0.1174034103751182,1.5067249536514282,-0.2700657248497009,0.0896626636385917,0.0395898185670375,0.0129127576947212,0.0,0.0,-0.5301816463470459,-0.3503469228744507
-0.1201478987932205,1.5086369514465332,-0.274891585111618,0.0849631205201149,0.0400143936276435,0.0084916315972805,0.0,0.0,-0.6967336535453796,-0.6422074437141418
-0.1230033859610557,1.510436773300171,-0.2872477173805237,0.0799424946308136,0.0416981764137744,0.0336756035685539,0.0,0.0,-0.7300280332565308,-0.0413367748260498
-0.1259125769138336,1.5121307373046875,-0.2924107611179352,0.075242780148983,0.0431662797927856,0.0293623264878988,0.0,0.0,-0.7929691672325134,-0.028393268585205
-0.1288772523403167,1.5137187242507937,-0.2977369427680969,0.0705431252717971,0.0444216094911098,0.0251064896583557,0.0,0.0,-0.7546777129173279,0.4511334896087646
-0.1318988800048828,0.0,-0.3032222390174866,0.0658435449004173,0.0454671345651149,0.020910432562232,0.0,0.0,-0.8767291307449341,-0.34930419921875
-0.1349790543317794,1.5165772438049316,-0.3088622689247131,0.0611439980566501,0.046305987983942,0.0167769789695739,0.0,0.0,-0.4473633170127868,-0.1382205486297607
-0.1381191313266754,1.5178476572036743,-0.314652532339096,0.0564444884657859,0.046941440552473,0.0127090159803628,0.0,0.0,-0.8873578310012817,-0.1041831374168396
-0.1413206160068512,1.519012212753296,-0.3205882310867309,0.0517449975013732,0.0473769344389438,0.0087097771465778,0.0,0.0,-0.7477428913116455,0.0906118154525756
-0.1445848494768142,1.5200709104537964,-0.3266643583774566,0.0470455214381217,0.0476160757243633,0.0047827744856476,0.0,0.0,-0.8193389773368835,-0.295018196105957
-0.147913172841072,1.5210236310958862,-0.3328757286071777,0.0423460453748703,0.0476626642048358,0.0009316029027104,0.0,0.0,-0.8749775886535645,-0.3134201765060425
-0.1513067185878753,1.5218706130981443,-0.3392170071601867,0.0376465581357479,0.0475206822156906,-0.0028395929839462,0.0,0.0,-0.764175534248352,-0.3214049339294433
-0.1547667533159256,1.5226116180419922,-0.3456825613975525,0.0329470559954643,0.047194343060255,-0.0065264189615845,0.0,0.0,-0.8879132866859436,-0.2049131393432617
-0.1582945883274078,1.5232467651367188,-0.3522667288780212,0.0282475184649229,0.0466881357133388,-0.0101244766265153,0.0,0.0,-0.889061689376831,-0.4718457460403442
-0.1618911772966385,1.523776292800903,-0.3589635789394378,0.0235479436814785,0.0460067056119442,-0.0136286169290542,0.0,0.0,-0.8415114283561707,-0.4116987586021423
-0.1655573844909668,1.5241998434066772,-0.3657671809196472,0.0188483241945505,0.045155007392168,-0.0170335806906223,0.0,0.0,-0.7243680357933044,-0.312710165977478
-0.1692943572998047,1.5245174169540403,-0.372671365737915,0.0141486497595906,0.0441383272409439,-0.0203336998820304,0.0,0.0,-0.9195998311042786,-0.788933277130127
-0.1731666624546051,1.5247290134429932,-0.3876629471778869,0.0093926321715116,0.0445622615516185,0.0084787514060735,0.0,0.0,-0.9142986536026,0.669421911239624
-0.1770507842302322,1.524838924407959,-0.3871474862098694,0.0049243583343923,0.0433078072965145,-0.0250891800969839,0.0,0.0,-0.9518487453460692,-0.7952243685722351
-0.1810682266950607,1.5248314142227173,-0.4018710553646087,-0.0003424357564654,0.043426938354969,0.0023828975390642,0.0,0.0,-0.9113518595695496,0.1954412460327148
-0.185159683227539,1.524717926979065,-0.4091138839721679,-0.0050421631895005,0.0434051714837551,-0.0004353877739049,0.0,0.0,-0.9362465143203736,0.7353310585021973
-0.1892530471086502,1.524503231048584,-0.4073472023010254,-0.0094878580421209,0.0414289683103561,-0.0395242236554622,0.0,0.0,-0.8566580414772034,-0.2135396599769592
-0.1934215575456619,1.524182677268982,-0.4147194921970367,-0.0141879823058843,0.0393259264528751,-0.0420605093240737,0.0,0.0,-0.7757565379142761,-0.7083626389503479
-0.197722241282463,1.5237581729888916,-0.429253876209259,-0.018845235928893,0.0385253503918647,-0.0160118006169796,0.0,0.0,-0.8386707305908203,0.7389384508132935
-0.2020374238491058,1.5232371091842651,-0.4290336072444916,-0.0230980515480041,0.0360671542584896,-0.0491636842489242,0.0,0.0,-0.9626705050468444,0.5133876800537109
-0.2063798904418945,1.52261483669281,-0.4304048418998718,-0.0275649651885032,0.0322733409702777,-0.0758760496973991,0.0,0.0,-0.8371211290359497,-0.0158250927925109
-0.2107987403869629,1.5218870639801023,-0.4379529058933258,-0.032266154885292,0.0283853579312562,-0.0777594745159149,0.0,0.0,-0.7872349619865417,0.2219059467315673
-0.2152942717075348,1.521053671836853,-0.4455268979072571,-0.0369674563407897,0.0244122929871082,-0.079461470246315,0.0,0.0,-0.6872090101242065,0.1984990835189819
-0.219866469502449,1.5201148986816406,-0.4531194567680359,-0.0416688658297061,0.0203635357320308,-0.080975092947483,0.0,0.0,-0.935314416885376,-0.1690922975540161
-0.2245153933763504,1.519070386886597,-0.4607230126857757,-0.04637036845088,0.0162488482892513,-0.0822938382625579,0.0,0.0,-0.9431900382041932,0.670177698135376
-0.229198932647705,1.517927646636963,-0.4630575180053711,-0.0507426597177982,0.0110204871743917,-0.1045673117041587,0.0,0.0,-0.9026273488998412,-0.2248865962028503
-0.2339589595794677,1.516679286956787,-0.4706601500511169,-0.0554451420903205,0.0057465592399239,-0.1054785847663879,0.0,0.0,-0.8481537103652954,0.704988956451416
-0.2387444078922271,1.515331506729126,-0.4718743860721588,-0.0598963759839534,-0.0008398017380386,-0.1317273527383804,0.0,0.0,-0.9716893434524536,0.390146255493164
-0.2436058521270752,1.513878345489502,-0.4794443249702453,-0.0646002516150474,-0.0074504013173282,-0.132211834192276,0.0,0.0,-0.9285225868225098,0.4740371704101562
-0.2485427856445312,1.512320041656494,-0.4869856834411621,-0.0693041458725929,-0.0140742985531687,-0.1324778199195861,0.0,0.0,-0.79594486951828,0.8406615257263184
-0.2535011768341064,1.510656476020813,-0.4877594113349914,-0.0740337520837783,-0.0220483466982841,-0.1594811677932739,0.0,0.0,-0.9667026996612548,0.4607243537902832
-0.2585340440273285,1.5088878870010376,-0.4952182173728943,-0.0787393003702163,-0.0300135351717472,-0.1593037992715835,0.0,0.0,-0.9953429102897644,0.5037013292312622
-0.2635938227176666,1.5070154666900637,-0.4967380464076996,-0.0834301263093948,-0.0391365364193916,-0.182460069656372,0.0,0.0,-0.8242764472961426,0.642186164855957
-0.2686707973480224,1.505029797554016,-0.4970729947090149,-0.0885696709156036,-0.0496369190514087,-0.2100077867507934,0.0,0.0,-0.990198016166687,-0.2230381369590759
-0.273820012807846,1.5029395818710327,-0.5043421983718872,-0.0932789742946624,-0.0600951798260211,-0.2091651260852813,0.0,0.0,-0.951715350151062,0.4498987197875976
-0.279040515422821,1.5007452964782717,-0.5115296840667725,-0.0979880988597869,-0.0705004334449768,-0.2081051766872406,0.0,0.0,-0.9339226484298706,0.6193442344665527
-0.2842703759670257,1.4984474182128906,-0.5110037326812744,-0.1027354970574379,-0.0823656395077705,-0.2373041808605194,0.0,0.0,-0.9116296172142028,0.8563554286956787
-0.2894933223724365,1.4960366487503052,-0.508449912071228,-0.1079690754413604,-0.0960787683725357,-0.2742629647254944,0.0,0.0,-0.9124860763549804,0.2020528316497802
-0.2947840094566345,1.4935221672058103,-0.5153344869613647,-0.1126843318343162,-0.1097075268626213,-0.2725751996040344,0.0,0.0,-0.9473841786384584,0.8115332126617432
-0.3000703752040863,1.4909005165100098,-0.513228178024292,-0.1177310198545456,-0.1250212639570236,-0.3062750101089477,0.0,0.0,-0.9063935279846193,0.2719738483428955
-0.3054217398166656,1.488175630569458,-0.5198599696159363,-0.1224496886134147,-0.1402312368154525,-0.3041993379592895,0.0,0.0,-0.7546179294586182,-0.1890954971313476
-0.3108364939689636,1.485348105430603,-0.5263490080833435,-0.1271678209304809,-0.1553283333778381,-0.3019417524337768,0.0,0.0,-0.9427891969680786,-0.674335777759552
-0.3163772225379944,1.482430338859558,-0.5407286882400513,-0.1311253607273101,-0.1686677932739257,-0.2667893469333648,0.0,0.0,-0.8632225394248962,0.9314007759094238
-0.3219079971313476,1.4793908596038818,-0.5381105542182922,-0.1368602216243744,-0.183677077293396,-0.3001858592033386,0.0,0.0,-0.6479376554489136,0.3423055410385132
-0.3274969458580017,1.476248264312744,-0.5441035628318787,-0.1415769606828689,-0.1985487192869186,-0.2974328994750976,0.0,0.0,-0.8201209306716919,-0.1810868978500366
-0.3331421017646789,1.4730021953582764,-0.5499079823493958,-0.1462930142879486,-0.2132753878831863,-0.2945329546928406,0.0,0.0,-0.5487486720085144,0.8793054819107056
-0.3387618660926819,1.469631552696228,-0.5455390214920044,-0.1522700786590576,-0.229902908205986,-0.3325505256652832,0.0,0.0,-0.89979088306427,-0.2475222945213318
-0.3444333672523498,1.466158151626587,-0.5509313344955444,-0.1569899022579193,-0.2463720440864563,-0.3293829560279846,0.0,0.0,0.0793327093124389,-0.167251706123352
-0.3500641882419586,1.462863206863403,-0.547282338142395,-0.1491766571998596,-0.262484461069107,-0.3222489953041076,0.0,0.0,0.0924228429794311,0.5648075342178345
-0.3555231690406799,1.4600123167037964,-0.5293275713920593,-0.1297710835933685,-0.2794556617736816,-0.3394238948822021,0.0,0.0,-0.121164321899414,0.4010770320892334
-0.3610264360904693,1.4570584297180176,-0.5340070128440857,-0.1344905644655227,-0.29625204205513,-0.3359277844429016,0.0,0.0,-0.4843823909759521,-0.464909553527832
-0.3665713369846344,1.4540019035339355,-0.5384231209754944,-0.1392090916633606,-0.3128690719604492,-0.3323408365249634,0.0,0.0,0.2250556945800781,-0.3908345103263855
-0.37208953499794,1.4512633085250854,-0.5359123349189758,-0.1252278685569763,-0.3294145464897156,-0.330910325050354,0.0,0.0,0.2661553621292114,-0.1186305284500122
-0.3774774968624115,1.4492156505584717,-0.5230882167816162,-0.0946733802556991,-0.3458378911018371,-0.3284668624401092,0.0,0.0,0.2830212116241455,-0.6794331073760986
-0.3828740119934082,1.4478312730789185,-0.5254074335098267,-0.0650281831622123,-0.3608207404613495,-0.2996568977832794,0.0,0.0,0.1615403890609741,-0.8644174337387085
-0.3882374167442322,1.4471101760864258,-0.5240271687507629,-0.0352045036852359,-0.3738492429256439,-0.2605702579021454,0.0,0.0,-0.3300252556800842,-0.8625494241714478
-0.3936808705329895,1.4463084936141968,-0.5336188077926636,-0.038471158593893,-0.385236531496048,-0.2277458012104034,0.0,0.0,0.2239027023315429,-0.5468626618385315
-0.3990194797515869,1.446061611175537,-0.5244296193122864,-0.013552994467318,-0.3953042030334472,-0.20135298371315,0.0,0.0,0.3577737808227539,-0.1207912564277648
-0.404216855764389,1.4466872215270996,-0.5100851655006409,0.0250973682850599,-0.4056462049484253,-0.2068402022123336,0.0,0.0,0.0804576873779296,-0.0263804197311401
-0.409283310174942,1.447850227355957,-0.4970722794532776,0.0489171482622623,-0.415943831205368,-0.205952763557434,0.0,0.0,-0.0497556924819946,-0.5404048562049866
-0.4143986701965332,1.4489272832870483,-0.5031436085700989,0.0453633554279804,-0.4250217378139496,-0.1815583854913711,0.0,0.0,0.2477360963821411,0.3259451389312744
-0.4194027781486511,1.4504364728927612,-0.4920736849308014,0.0645324289798736,-0.4340754151344299,-0.1810736805200576,0.0,0.0,0.2562037706375122,-0.3070297241210937
-0.4242075085639953,1.452746033668518,-0.4720602035522461,0.1000143587589263,-0.4432437717914581,-0.1833674013614654,0.0,0.0,0.0561039447784423,-0.810602068901062
-0.4290063381195068,1.4555654525756836,-0.4732208847999573,0.1231763586401939,-0.4505387246608734,-0.1458993405103683,0.0,0.0,-0.3522742986679077,-0.440358817577362
-0.4338019490242004,1.4582784175872805,-0.4730989038944244,0.1184795424342155,-0.4576293528079986,-0.1418123692274093,0.0,0.0,-0.406146764755249,-0.4677522778511047
-0.4385900497436523,1.4608852863311768,-0.4725582003593445,0.1137830838561058,-0.4645156860351562,-0.1377272754907608,0.0,0.0,-0.2560963034629822,-0.2492453455924987
-0.4433664679527282,1.4633854627609253,-0.471592515707016,0.1090869382023811,-0.4711981117725372,-0.1336482465267181,0.0,0.0,-0.3374630212783813,-0.2434670329093933
-0.4481268525123596,1.465779185295105,-0.4701965749263763,0.1043910980224609,-0.477677047252655,-0.129579097032547,0.0,0.0,-0.1115895509719848,-0.6453614830970764
-0.452907383441925,1.4681016206741333,-0.4735457897186279,0.1016524285078048,-0.4826920628547668,-0.1003003120422363,0.0,0.0,-0.0969118475914001,-0.3918607831001282
-0.4576632976531982,1.4703173637390137,-0.4712771773338318,0.0969581678509712,-0.4875051379203796,-0.0962615758180618,0.0,0.0,-0.4200196266174316,-0.3320215344429016
-0.4623901844024658,1.472426176071167,-0.4685693681240082,0.0922640934586525,-0.4921172857284546,-0.0922427102923393,0.0,0.0,-0.348684549331665,0.0544277429580688
-0.4670837521553039,1.474428415298462,-0.4654219150543213,0.0875701904296875,-0.49652960896492,-0.0882463306188583,0.0,0.0,0.0978509187698364,-0.1838316321372985
-0.4715405404567718,1.477094054222107,-0.441643476486206,0.1170091554522514,-0.5010654926300049,-0.090718038380146,0.0,0.0,-0.5174269080162048,0.1359798908233642
-0.4759552478790283,1.479653000831604,-0.4376200139522552,0.112315334379673,-0.5054041743278503,-0.0867735892534256,0.0,0.0,-0.417984127998352,-0.3115331530570984
-0.4803235530853271,1.482105016708374,-0.4331625401973724,0.1076216548681259,-0.5095470547676086,-0.082857996225357,0.0,0.0,0.0151065587997436,-0.4547121524810791
-0.4843659996986389,1.4849610328674316,-0.4010565280914306,0.1257364898920059,-0.513152539730072,-0.0721098110079765,0.0,0.0,-0.552300214767456,-0.1197534799575805
-0.4883535802364349,1.487709879875183,-0.3957451283931732,0.121043212711811,-0.5165653824806213,-0.0682568401098251,0.0,0.0,-0.560463547706604,-0.2522127032279968
-0.4922820627689361,1.4903520345687866,-0.3900162279605865,0.1163500174880027,-0.5197872519493103,-0.0644372403621673,0.0,0.0,-0.7241143584251404,-0.1327601075172424
-0.496147483587265,1.492887258529663,-0.3838773965835571,0.1116568967700004,-0.5228198766708374,-0.0606520473957061,0.0,0.0,-0.4664340615272522,-0.4134460091590881
-0.4999457895755768,1.495315670967102,-0.3773373067378998,0.1069638431072235,-0.5256649851799011,-0.0569021888077259,0.0,0.0,-0.5751040577888489,-0.3346540331840515
-0.5036731958389282,1.4976370334625244,-0.370405375957489,0.1022708117961883,-0.5283244252204895,-0.0531883463263511,0.0,0.0,-0.6003674864768982,-0.0133245587348937
-0.5073257684707642,1.4998514652252195,-0.3630919158458709,0.0975778251886367,-0.5307999849319458,-0.0495111458003521,0.0,0.0,-0.6187933087348938,-0.2173939943313598
-0.5108997821807861,1.501959204673767,-0.3554078340530395,0.0928848683834075,-0.5330935716629028,-0.0458712354302406,0.0,0.0,-0.5658546686172485,-0.6324299573898315
-0.5144304633140564,1.5039892196655271,-0.3522466719150543,0.0899009779095649,-0.5340370535850525,-0.0188697818666696,0.0,0.0,-0.7959633469581604,-0.2587041854858398
-0.5178757309913635,1.5059123039245603,-0.3438562452793121,0.085208274424076,-0.5348023772239685,-0.0153061049059033,0.0,0.0,-0.5369728803634644,-0.2184707522392273
-0.5212321877479553,1.5077284574508667,-0.3351312577724457,0.0805155113339424,-0.5353914499282837,-0.0117814037948846,0.0,0.0,-0.723677396774292,-0.1717333197593689
-0.5244966149330139,1.5094377994537354,-0.3260844349861145,0.0758226960897445,-0.5358062386512756,-0.0082960175350308,0.0,0.0,-0.7364603877067566,-0.2804025411605835
-0.5276660323143005,1.5110400915145874,-0.3167286515235901,0.0711298212409019,-0.5360487699508667,-0.004850217141211,0.0,0.0,-0.650368332862854,-0.4736210107803345
-0.5307374596595764,1.512535572052002,-0.3070769309997558,0.0664368644356727,-0.5361210107803345,-0.0014442692045122,0.0,0.0,-0.6032794713973999,-0.3034297227859497
-0.5337079763412476,1.5139240026474,-0.2971423268318176,0.0617438331246376,-0.5360249280929565,0.0019216311629861,0.0,0.0,-0.7480483651161194,-0.5014451742172241
-0.5366097688674927,1.5152349472045898,-0.2913420796394348,0.0587266571819782,-0.5346810221672058,0.0268784277141094,0.0,0.0,-0.8691073060035706,0.0304101705551147
-0.5394054055213928,1.5164389610290527,-0.2808807790279388,0.0540332980453968,-0.5331729054450989,0.0301621798425912,0.0,0.0,-0.91297709941864,0.1974730491638183
-0.5420925617218018,1.517536163330078,-0.2701752781867981,0.0493397898972034,-0.5315027236938477,0.0334039330482482,0.0,0.0,-0.9112566709518432,-0.054131269454956
-0.544668972492218,1.5185266733169556,-0.2592379450798034,0.0446461401879787,-0.5296725630760193,0.0366032868623733,0.0,0.0,-0.9186296463012696,0.2316269874572754
-0.5471323728561401,1.5194103717803955,-0.2480810582637787,0.0399523340165615,-0.5276845693588257,0.0397596731781959,0.0,0.0,-0.9157179594039916,0.2274448871612548
-0.5494807362556458,1.5201873779296875,-0.2367164343595504,0.0352583713829517,-0.5255409479141235,0.0428725965321064,0.0,0.0,-0.907296359539032,0.0962188243865966
-0.551712155342102,1.520857572555542,-0.2251556366682052,0.0305642485618591,-0.5232439041137695,0.0459413602948188,0.0,0.0,-0.9263383150100708,0.2059996128082275
-0.553824782371521,1.5214210748672483,-0.2134097069501876,0.0258699562400579,-0.5207956433296204,0.0489652976393699,0.0,0.0,-0.9221665263175964,0.1681656837463379
-0.5558167695999146,1.521878004074097,-0.2014893591403961,0.0211754851043224,-0.5181984901428223,0.0519436225295066,0.0,0.0,-0.9393988251686096,0.3013705015182495
-0.5576866865158081,1.522228121757507,-0.1894049048423767,0.0164808370172977,-0.5154547691345215,0.0548754036426544,0.0,0.0,-0.9289817810058594,-0.0242199301719665
-0.559432864189148,1.5224717855453491,-0.1771662235260009,0.0117860026657581,-0.5125668048858643,0.0577596649527549,0.0,0.0,-0.9688405394554138,0.6042580604553223
-0.5610126256942749,1.5225684642791748,-0.1594746261835098,0.0048558781854808,-0.5108777284622192,0.0337820425629615,0.0,0.0,-0.94834965467453,0.0142240524291992
-0.562466025352478,1.522558569908142,-0.1469549387693405,0.0001611372717889,-0.5090492963790894,0.0365691818296909,0.0,0.0,-0.9439019560813904,0.0191817283630371
-0.5637916922569275,1.5224419832229614,-0.1343080550432205,-0.0045337602496147,-0.5070839524269104,0.0393065139651298,0.0,0.0,-0.9690935611724854,-0.2046040296554565
-0.5649884939193726,1.5222188234329224,-0.1215420812368393,-0.0092288171872496,-0.5049843192100525,0.0419926866888999,0.0,0.0,-0.9866677522659302,0.0928568840026855
-0.566055417060852,1.521889090538025,-0.108664833009243,-0.0139240445569157,-0.5027530193328857,0.0446263030171394,0.0,0.0,-0.9766761660575868,-0.5799529552459717
-0.5670331716537476,0.0,-0.101041555404663,-0.0165617149323225,-0.4990778863430023,0.0735027939081192,0.0,0.0,-0.9766606092453004,-0.231093168258667
-0.5678789019584656,1.5209836959838867,-0.0879638269543647,-0.0212578941136598,-0.4952766299247741,0.0760253891348838,0.0,0.0,-0.9672275185585022,-0.4242408275604248
-0.5685918927192688,1.520371675491333,-0.0747957229614257,-0.0259542930871248,-0.4913521707057953,0.0784894749522209,0.0,0.0,-0.9809188842773438,-0.1253050565719604
-0.569171130657196,1.519653081893921,-0.0615435056388378,-0.0306509174406528,-0.4873075187206268,0.080893225967884,0.0,0.0,-0.9776031970977784,-0.2397046685218811
-0.5696159601211548,1.518828272819519,-0.0482130609452724,-0.0353477708995342,-0.4831457734107971,0.0832348391413688,0.0,0.0,-0.9807800054550172,-0.5625197887420654
-0.569963812828064,1.5179213285446167,-0.0396175645291805,-0.0386300422251224,-0.4777694642543793,0.1075262203812599,0.0,0.0,-0.9804238080978394,-0.6368871927261353
-0.570218026638031,1.516939640045166,-0.0314909070730209,-0.0415501929819583,-0.4710236191749573,0.1349168270826339,0.0,0.0,-0.9882100224494934,-0.6163424849510193
-0.5703758001327515,1.5158860683441162,-0.0231002960354089,-0.0443602204322814,-0.462929368019104,0.1618853211402893,0.0,0.0,-0.990799367427826,-0.6056917905807495
-0.5704373121261597,1.5147616863250732,-0.0147459004074335,-0.0471506267786026,-0.4534715116024017,0.1891570687294006,0.0,0.0,-0.990768313407898,-0.5205559730529785
-0.5704017877578735,1.5135612487792969,-0.0062682465650141,-0.0501999519765377,-0.4427111446857452,0.215207427740097,0.0,0.0,-0.98858380317688,-0.4275983572006225
-0.5702279806137085,1.5122557878494265,0.0074190953746438,-0.0549055151641368,-0.4318552911281585,0.2171175926923751,0.0,0.0,-0.993643045425415,-0.4842087030410766
-0.5699155330657959,1.5108455419540403,0.0211513638496398,-0.0596114955842494,-0.420907974243164,0.2189463675022125,0.0,0.0,-0.9917216300964355,-0.4964584112167358
-0.5694640874862671,1.5093306303024292,0.0349247269332408,-0.0643178969621658,-0.4098733961582184,0.2206917554140091,0.0,0.0,-0.994653046131134,-0.7780817151069641
-0.5689193606376648,1.5077420473098757,0.0428675003349781,-0.0672965496778488,-0.3974177837371826,0.2491119801998138,0.0,0.0,-0.9931367635726928,-0.764466404914856
-0.5682908296585083,1.506084442138672,0.0496137887239456,-0.0700322836637497,-0.3832845091819763,0.2826653122901916,0.0,0.0,-0.9935466051101683,-0.7409504652023315
-0.5675864219665527,1.504357933998108,0.0553740747272968,-0.0727728903293609,-0.3672921359539032,0.3198475241661072,0.0,0.0,-0.9861477613449096,-0.6277458667755127
-0.5667786598205566,1.5025535821914673,0.0645268410444259,-0.076121024787426,-0.3501579761505127,0.3426834642887115,0.0,0.0,-0.986479103565216,-0.6281392574310303
-0.5658787488937378,1.5006767511367798,0.0722604840993881,-0.0792083889245987,-0.3315839767456054,0.3714799284934997,0.0,0.0,-0.983938217163086,-0.4861555099487304
-0.5648377537727356,1.4986982345581057,0.0862003415822982,-0.083934262394905,-0.3129508197307586,0.3726630806922912,0.0,0.0,-0.9945175051689148,-0.6921652555465698
-0.5637086629867554,1.496652126312256,0.093397632241249,-0.0868605226278305,-0.2927655875682831,0.4037044942378998,0.0,0.0,-0.9923723936080932,-0.3376498818397522
-0.5624381303787231,1.4945052862167358,0.1073706597089767,-0.0915921777486801,-0.2725314497947693,0.4046825468540191,0.0,0.0,-0.9931952953338624,-0.1467585563659668
-0.5610262155532837,1.492257833480835,0.1213573962450027,-0.0963243916630745,-0.2522535920143127,0.405557245016098,0.0,0.0,-0.991618037223816,-0.2787147760391235
-0.559472918510437,1.4899096488952637,0.135355144739151,-0.1010570973157882,-0.2319372147321701,0.4063279628753662,0.0,0.0,-0.9935563206672668,-0.5301886796951294
-0.5578161478042603,1.487478494644165,0.144565612077713,-0.1048659533262252,-0.2105724960565567,0.4272945821285248,0.0,0.0,-0.9961214661598206,-0.1466544270515442
-0.5560179948806763,1.4849474430084229,0.1585762202739715,-0.10960303992033,-0.1891798377037048,0.4278533458709717,0.0,0.0,-0.9978639483451844,-0.0236110687255859
-0.5540785789489746,1.4823166131973269,0.1725900173187255,-0.1143405213952064,-0.1677645146846771,0.4283064007759094,0.0,0.0,-0.998036563396454,0.620519757270813
-0.5519605875015259,1.4795717000961304,0.1913428008556366,-0.1198048368096351,-0.1473133414983749,0.4090233743190765,0.0,0.0,-0.9980713725090028,0.6125850677490234
-0.5496610999107361,1.4767183065414429,0.2104536294937133,-0.1250098496675491,-0.1278859078884124,0.3885486721992492,0.0,0.0,-0.9975448846817015,0.6319262981414795
-0.5471653342247009,1.4737460613250732,0.2314810305833816,-0.13063944876194,-0.1098889335989952,0.3599397242069244,0.0,0.0,-0.997609794139862,-0.1155271530151367
-0.5445290803909302,1.470672607421875,0.2454822361469268,-0.1353666484355926,-0.0918899700045585,0.3599793314933777,0.0,0.0,-0.996886670589447,-0.0262654423713684
-0.5417526960372925,1.4674975872039795,0.2594723105430603,-0.1400939524173736,-0.0738941729068756,0.3599158823490143,0.0,0.0,-0.9981002807617188,0.6053404808044434
-0.5387868881225586,1.4642131328582764,0.2796634435653686,-0.1452188044786453,-0.0571590773761272,0.3347021639347076,0.0,0.0,-0.9962207078933716,0.1670641899108886
-0.5356814861297607,1.4608268737792969,0.2936223745346069,-0.149942547082901,-0.0404372289776802,0.3344370126724243,0.0,0.0,-0.995593249797821,0.5806050300598145
-0.5323867797851562,1.4573370218276978,0.3138327002525329,-0.1547495275735855,-0.0249899365007877,0.308945894241333,0.0,0.0,-0.9910706877708436,0.9227912425994872
-0.5288841724395752,1.4537428617477417,0.3363933563232422,-0.159555971622467,-0.0112975528463721,0.2738479077816009,0.0,0.0,-0.9869550466537476,0.9976320266723632
-0.5251603722572327,1.4500471353530884,0.360643208026886,-0.1642170250415802,0.0002920288534369,0.2317913770675659,0.0,0.0,-0.9813428521156312,0.998997926712036
-0.5212270021438599,1.4462430477142334,0.3834421634674072,-0.1690983176231384,0.0100579727441072,0.1953188776969909,0.0,0.0,-0.967249631881714,0.9960083961486816
-0.5170725584030151,1.4423366785049438,0.4077059626579284,-0.17368745803833,0.017694791778922,0.152736559510231,0.0,0.0,-0.9537724256515504,0.998709201812744
-0.5127063989639282,1.438329815864563,0.430816650390625,-0.1781633496284485,0.0234199874103069,0.114503800868988,0.0,0.0,-0.9184252619743348,0.9998373985290528
-0.5081050395965576,1.4342223405838013,0.4568850100040436,-0.1826028376817703,0.0266274325549602,0.0641490370035171,0.0,0.0,-0.7633063793182373,0.9999611377716064
-0.50327467918396,1.4300113916397097,0.4822012782096863,-0.1871747076511383,0.0274546816945076,0.0165449324995279,0.0,0.0,-0.7949356436729431,0.9984054565429688
-0.4982144832611084,1.4256882667541504,0.5076195001602173,-0.1921087652444839,0.0258699897676706,-0.0316937491297721,0.0,0.0,-0.5219019055366516,0.9975380897521972
-0.492949903011322,1.4212729930877686,0.5298942923545837,-0.1961848437786102,0.0224778521806001,-0.0678428262472152,0.0,0.0,-0.2899236679077148,0.9804437160491944
-0.4874738156795501,1.416742920875549,0.5530658960342407,-0.201255589723587,0.0170906968414783,-0.1077431812882423,0.0,0.0,-0.3573781251907348,0.7970172166824341
-0.4817861020565033,1.4121037721633911,0.57628333568573,-0.2061186283826828,0.009678753092885,-0.148238867521286,0.0,0.0,-0.1943969130516052,0.8133831024169922
-0.4758864045143127,1.407368779182434,0.5995668172836304,-0.2104113698005676,0.000206551660085,-0.1894440799951553,0.0,0.0,0.2248234748840332,-0.5059887170791626
-0.4698912501335144,1.4032392501831057,0.6081582903862,-0.1835569739341735,-0.0083247795701026,-0.1706266403198242,0.0,0.0,-0.4842661023139953,-0.8177734613418579
-0.4638248980045318,1.3990120887756348,0.6138302087783813,-0.1879291534423828,-0.0154300415888428,-0.1421051770448684,0.0,0.0,-0.5666509866714478,-0.4554964900016784
-0.4576286673545837,1.3946799039840698,0.6268962621688843,-0.192633718252182,-0.0226148031651973,-0.1436951458454132,0.0,0.0,-0.7446543574333191,-0.4985226392745971
-0.4513038098812103,1.390242576599121,0.6398491263389587,-0.1973384320735931,-0.0298818312585353,-0.1453406512737274,0.0,0.0,-0.6181514859199524,-0.8230552673339844
-0.4449268877506256,1.3857035636901855,0.6432162523269653,-0.2018539756536483,-0.0353374034166336,-0.1091113314032554,0.0,0.0,-0.8021107316017151,-0.9207064509391784
-0.4384941160678863,1.3810582160949707,0.6471041440963745,-0.206551656126976,-0.0391173548996448,-0.0755987912416458,0.0,0.0,-0.8381223082542419,-0.6327012181282043
-0.4319990575313568,1.3763056993484497,0.6518350839614868,-0.2112925350666046,-0.0414225980639457,-0.0461048893630504,0.0,0.0,-0.8633569478988647,-0.4869586229324341
-0.4253810942173004,1.3714473247528076,0.6642255187034607,-0.2159935384988784,-0.0438189208507537,-0.0479266382753849,0.0,0.0,-0.8369858264923096,-0.7915670871734619
-0.4187098443508148,1.3664898872375488,0.6679065227508545,-0.2203478068113327,-0.0445941872894763,-0.0155053045600652,0.0,0.0,-0.8715168237686157,-0.4139491319656372
-0.4119192957878113,1.3614269495010376,0.6799367070198059,-0.2250484377145767,-0.0454634241759777,-0.0173847172409296,0.0,0.0,-0.7802333831787109,-0.6547643542289734
-0.405055820941925,1.356269359588623,0.6861885786056519,-0.2292278856039047,-0.0453034117817878,0.0032003037631511,0.0,0.0,-0.9077011942863464,-0.6140617728233337
-0.3981314301490783,1.351014494895935,0.6909855604171753,-0.2335041612386703,-0.04386967420578,0.0286746714264154,0.0,0.0,-0.88127601146698,-0.5657637119293213
-0.3911460041999817,1.34565269947052,0.6958822011947632,-0.2382273823022842,-0.0412380248308181,0.0526330173015594,0.0,0.0,-0.7963940501213074,-0.6417989134788513
-0.38410085439682,1.340187430381775,0.7006584405899048,-0.2428011894226074,-0.037433810532093,0.0760844647884368,0.0,0.0,-0.7848320603370667,-0.598859965801239
-0.3769892752170563,1.3346145153045654,0.7063654661178589,-0.2475719600915908,-0.0327018126845359,0.094639852643013,0.0,0.0,-0.8202127814292908,-0.7840346693992615
-0.3698410093784332,1.3289467096328735,0.708410382270813,-0.2517785727977752,-0.0263616703450679,0.1268026977777481,0.0,0.0,-0.8024823665618896,-0.5406226515769958
-0.3626323640346527,1.3231754302978516,0.7134991884231567,-0.256387859582901,-0.019091909751296,0.1453952044248581,0.0,0.0,-0.7756944894790649,-0.7112743258476257
-0.3553923070430755,1.317305088043213,0.7150498032569885,-0.2608169019222259,-0.0102517548948526,0.176803171634674,0.0,0.0,-0.7932354211807251,-0.5506414771080017
-0.348097026348114,1.3113279342651367,0.7196876406669617,-0.2656205296516418,-0.0005352624575607,0.1943296790122985,0.0,0.0,-0.8632233738899231,-0.5499277710914612
-0.3407467305660248,1.3052473068237305,0.7243934869766235,-0.2702867686748504,0.0099656861275434,0.2100190371274948,0.0,0.0,-0.759287416934967,-0.1306056976318359
-0.3333109021186828,1.2990623712539673,0.7330381274223328,-0.2749961912631988,0.0203784201294183,0.2082548588514328,0.0,0.0,-0.8383626341819763,-0.5960425734519958
-0.3258475363254547,1.2927687168121338,0.7345162630081177,-0.2799206376075744,0.0320504084229469,0.2334395945072174,0.0,0.0,-0.8075056076049805,-0.508147120475769
-0.3183530271053314,1.2863709926605225,0.736575186252594,-0.2846702337265014,0.0447692014276981,0.2543759644031524,0.0,0.0,-0.8600438237190247,-0.424327552318573
-0.3107875883579254,1.279869556427002,0.7437586784362793,-0.2893837392330169,0.057408656924963,0.2527890801429748,0.0,0.0,-0.6990777850151062,-0.4300248622894287
-0.3031565546989441,1.2732645273208618,0.7503970265388489,-0.2940970063209533,0.0699724853038787,0.2512765526771545,0.0,0.0,-0.8259519338607788,-0.4069775342941284
-0.2954657971858978,1.2665555477142334,0.7564615607261658,-0.298810064792633,0.082464762032032,0.2498455047607422,0.0,0.0,-0.7731226086616516,-0.721601128578186
-0.2877877354621887,1.2597291469573977,0.7535642385482788,-0.3042406141757965,0.096580870449543,0.2823221683502197,0.0,0.0,-0.8637765049934387,-0.4139500856399536
-0.2800621092319488,1.2527995109558103,0.7583997249603271,-0.3089569807052612,0.1106345504522323,0.281073659658432,0.0,0.0,-0.7358595132827759,-0.3517655730247497
-0.2722954154014587,1.2457666397094729,0.7625824213027954,-0.3136731684207916,0.1246308907866478,0.2799268662929535,0.0,0.0,-0.8675034046173096,-0.5577072501182556
-0.2645490765571594,1.2386246919631958,0.7592480778694153,-0.3187749683856964,0.1399528086185455,0.3064386248588562,0.0,0.0,-0.9193896651268004,-0.5460360050201416
-0.2568185329437256,1.2313694953918457,0.7566337585449219,-0.3240782618522644,0.1563352793455124,0.3276493549346924,0.0,0.0,-0.9047420024871826,-0.758271336555481
-0.2491307705640792,1.2239922285079956,0.7508125901222229,-0.3298667073249817,0.1743070483207702,0.359435498714447,0.0,0.0,-0.880163848400116,-0.4109236001968384
-0.2414301931858062,1.2165135145187378,0.7521872520446777,-0.3345931768417358,0.1922443509101867,0.3587463796138763,0.0,0.0,-0.8953192234039307,-0.683782160282135
-0.2337802946567535,1.2089240550994873,0.7457936406135559,-0.3399122655391693,0.2115784883499145,0.3866827487945556,0.0,0.0,-0.9148363471031188,-0.2077198624610901
-0.2261324375867843,1.2012336254119873,0.7456904649734497,-0.3446429073810577,0.2308908551931381,0.3862472772598266,0.0,0.0,-0.942337453365326,0.1433544158935547
-0.2184941321611404,1.1934422254562378,0.7448427081108093,-0.3493734002113342,0.2501880228519439,0.3859433233737945,0.0,0.0,-0.9127696752548218,-0.0855407118797302
-0.2108726948499679,1.1855498552322388,0.7432522177696228,-0.3541038632392883,0.2694766521453857,0.3857722878456116,0.0,0.0,-0.8506130576133728,-0.4334837198257446
-0.203275591135025,1.1775565147399902,0.7409250140190125,-0.3588342368602752,0.2887634038925171,0.3857349753379822,0.0,0.0,-0.8329975008964539,-0.2062864303588867
-0.1957099884748459,1.1694622039794922,0.7378712892532349,-0.3635646104812622,0.3080549538135528,0.385831207036972,0.0,0.0,-0.8279187679290771,-0.4139260053634643
-0.1881831139326095,1.1612669229507446,0.7341049313545227,-0.3682950735092163,0.3273579776287079,0.3860604166984558,0.0,0.0,-0.8656175136566162,-0.5973665118217468
-0.1807484626770019,1.1529537439346311,0.7238138318061829,-0.3740550577640533,0.3479093611240387,0.411027580499649,0.0,0.0,-0.837140679359436,-0.7242529392242432
-0.1734227240085601,1.1445176601409912,0.711620032787323,-0.3801685273647308,0.3699916005134582,0.4416446089744568,0.0,0.0,-0.5608961582183838,-0.746493399143219
-0.166212648153305,1.1359543800354004,0.6987579464912415,-0.3865188062191009,0.393646091222763,0.4730895459651947,0.0,0.0,-0.6098629236221313,-0.6513921618461609
-0.159121036529541,1.1272640228271484,0.6857427358627319,-0.3929356634616852,0.4188017547130584,0.503113329410553,0.0,0.0,-0.4491769075393677,0.2910022735595703
-0.1521015167236328,1.1184759140014648,0.6787425875663757,-0.3976862132549286,0.4439997673034668,0.503960907459259,0.0,0.0,-0.3849383592605591,0.7352573871612549
-0.1450995504856109,1.1096224784851074,0.678754985332489,-0.4004648625850677,0.4675551354885101,0.4711081087589264,0.0,0.0,-0.4150453805923462,0.3079432249069214
-0.1381808221340179,1.100670337677002,0.6706417798995972,-0.4052089750766754,0.4911644458770752,0.4721861481666565,0.0,0.0,-0.1943659782409668,0.761145830154419
-0.1312967240810394,1.0916656255722046,0.6688734292984009,-0.4073348939418793,0.5131559371948242,0.4398303925991058,0.0,0.0,-0.0833092927932739,0.5695183277130127
-0.1244616508483886,1.082591891288757,0.665291428565979,-0.4102683067321777,0.5339136123657227,0.4151535034179687,0.0,0.0,0.0343964099884033,0.8040857315063477
-0.1178195029497146,1.0736404657363892,0.6476215124130249,-0.4045093357563019,0.5530421733856201,0.3825709223747253,0.0,0.0,0.3212672472000122,0.929463505744934
-0.111468032002449,1.0651594400405884,0.6203727722167969,-0.3831166625022888,0.5702502131462097,0.3441613316535949,0.0,0.0,0.6071622371673584,0.8733694553375244
-0.10536889731884,1.0570441484451294,0.5968390107154846,-0.3663512170314789,0.585649847984314,0.3079931437969208,0.0,0.0,0.5042622089385986,0.8434469699859619
-0.0996820479631424,1.0495898723602295,0.5572372078895569,-0.3364322483539581,0.5992724299430847,0.2724531292915344,0.0,0.0,0.2981783151626587,0.9491252899169922
-0.0944172888994216,1.042715549468994,0.5167741775512695,-0.3099934458732605,0.6109105944633484,0.2327632904052734,0.0,0.0,-0.1083932518959045,0.9268786907196044
-0.0891970619559288,1.0358004570007324,0.5141652822494507,-0.3110326826572418,0.6204029321670532,0.1898472160100937,0.0,0.0,0.0564484596252441,0.8575108051300049
-0.0843047127127647,1.0293550491333008,0.4828826487064361,-0.2895183265209198,0.6281322836875916,0.1545874625444412,0.0,0.0,-0.4899513721466064,0.7997541427612305
-0.079474352300167,1.0228586196899414,0.4781544804573059,-0.2911074757575989,0.6340985298156738,0.119324505329132,0.0,0.0,-0.5969246029853821,0.5111749172210693
-0.0747402161359787,1.016289472579956,0.4692259430885315,-0.2940325438976288,0.6392419934272766,0.1028694286942482,0.0,0.0,-0.6991615295410156,0.7651153802871704
-0.0700869560241699,1.0096673965454102,0.4623147547245025,-0.2958044707775116,0.6429458856582642,0.0740773528814315,0.0,0.0,-0.5792705416679382,0.704308271408081
-0.0655132308602333,1.0030015707015991,0.4556985795497894,-0.2971045672893524,0.6450260281562805,0.0416032560169696,0.0,0.0,-0.3232327699661255,0.7141696214675903
-0.0610113143920898,0.9962885975837708,0.4499377310276031,-0.2984769642353058,0.6453356742858887,0.0061928611248731,0.0,0.0,-0.0815434455871582,0.4925767183303833
-0.0566385276615619,0.989470899105072,0.4369219839572906,-0.3031834363937378,0.6457690000534058,0.0086660515516996,0.0,0.0,-0.2871149778366089,0.4347147941589355
-0.0523965843021869,0.9825485348701476,0.4237470626831054,-0.3078901171684265,0.6463299989700317,0.0112201226875185,0.0,0.0,-0.3782504796981811,0.4943253993988037
-0.0482867248356342,0.975521445274353,0.4104264378547668,-0.3125970959663391,0.6470226049423218,0.0138522814959287,0.0,0.0,-0.7162435054779053,0.5496466159820557
-0.0442704185843467,0.96843022108078,0.4020455479621887,-0.3149546980857849,0.6465052962303162,-0.0103459963575005,0.0,0.0,-0.6254713535308838,0.359085202217102
-0.0403887741267681,0.9612345099449158,0.3884700536727905,-0.319661945104599,0.6461271643638611,-0.0075627141632139,0.0,0.0,-0.698593258857727,0.7617794275283813
-0.0365991592407226,0.9539905190467834,0.3804636895656585,-0.3211992681026459,0.644262433052063,-0.0372947864234447,0.0,0.0,-0.6861844062805176,0.3757151365280151
-0.0329462997615337,0.9466418623924256,0.3666756153106689,-0.3259071111679077,0.6425440907478333,-0.0343666784465312,0.0,0.0,-0.6817724704742432,0.350865364074707
-0.029431153088808,0.9391888976097108,0.3527947068214416,-0.3306150734424591,0.6409756541252136,-0.0313690342009067,0.0,0.0,-0.8061966896057129,0.4904735088348388
-0.0260542873293161,0.9316312074661256,0.3388290405273437,-0.3353231549263,0.6395604610443115,-0.0283040646463632,0.0,0.0,-0.7360076904296875,0.7019021511077881
-0.0227736476808786,0.9240170121192932,0.3303184509277344,-0.3372932374477386,0.6367955803871155,-0.0552982985973358,0.0,0.0,-0.6921260952949524,0.0234701633453369
-0.0196328163146972,0.9162985682487488,0.3162053227424621,-0.3420020043849945,0.6341903209686279,-0.0521051958203315,0.0,0.0,-0.8158878087997437,0.5203431844711304
-0.0165955536067485,0.908521831035614,0.3068373501300812,-0.3441081345081329,0.6303892135620117,-0.076021559536457,0.0,0.0,-0.6583623886108398,0.1739879846572876
-0.0136992456391453,0.9006410241127014,0.2926016449928283,-0.3488176167011261,0.6267538666725159,-0.072707250714302,0.0,0.0,-0.8486059904098511,0.4152247905731201
-0.0109446523711085,0.8926557898521423,0.2783122956752777,-0.3535270392894745,0.6232870817184448,-0.0693356543779373,0.0,0.0,-0.8503417372703552,0.7650083303451538
-0.0082976343110203,0.8846141695976257,0.2684940695762634,-0.355593591928482,0.6186736226081848,-0.0922697708010673,0.0,0.0,-0.6799915432929993,0.3830850124359131
-0.0057931900955736,0.8764683604240417,0.2541121244430542,-0.3603037595748901,0.6142340898513794,-0.0887902602553367,0.0,0.0,-0.7554617524147034,0.2641823291778564
-0.0034317015670239,0.868218183517456,0.2396896779537201,-0.3650139570236206,0.6099711060523987,-0.0852601379156112,0.0,0.0,-0.7995976209640503,0.7480175495147705
-0.0011711120605468,0.8599058985710144,0.2306317389011383,-0.3673243820667267,0.6044812798500061,-0.1097969561815261,0.0,0.0,-0.688684344291687,0.5629391670227051
0.0009815215598791,0.8515229821205139,0.220670461654663,-0.3701004087924957,0.5980108976364136,-0.1294076591730117,0.0,0.0,-0.7020189762115479,0.2259399890899658
0.0029902458190917,0.8430361747741699,0.2061493694782257,-0.3748121857643127,0.5917239785194397,-0.125738576054573,0.0,0.0,-0.5573417544364929,0.1862380504608154
0.0048548700287938,0.8344454169273376,0.1916007995605468,-0.3795238733291626,0.5856226086616516,-0.1220277994871139,0.0,0.0,-0.6596059203147888,0.3729169368743896
0.0065752030350267,0.8257505893707275,0.1770274639129638,-0.3842354118824005,0.5797086954116821,-0.1182783618569374,0.0,0.0,-0.8463364839553833,0.6005938053131104
0.0081835743039846,0.8169868588447571,0.1666444242000579,-0.386979877948761,0.572871208190918,-0.1367503255605697,0.0,0.0,-0.703427791595459,0.4668698310852051
0.0096470834687352,0.8081194162368774,0.152029886841774,-0.391692042350769,0.5662246346473694,-0.1329313963651657,0.0,0.0,-0.8091953992843628,0.8674541711807251
0.0110167507082223,0.7991926074028015,0.1438805609941482,-0.3938427269458771,0.5581560134887695,-0.1613727658987045,0.0,0.0,-0.7538608908653259,0.8744969367980957
0.0122965816408395,0.7902195453643799,0.1363572776317596,-0.3953411877155304,0.548427939414978,-0.1945613324642181,0.0,0.0,-0.7186886072158813,0.9349114894866944
0.0134829524904489,0.7811818718910217,0.1282730996608734,-0.3977925479412079,0.5373262166976929,-0.2220343351364135,0.0,0.0,-0.7491773962974548,0.9088175296783448
0.0145936012268066,0.7721102833747864,0.12259391695261,-0.3986698389053345,0.5241320729255676,-0.2638833820819855,0.0,0.0,-0.43476402759552,0.7897638082504272
0.0156093593686819,0.762989342212677,0.1145065426826477,-0.4004692435264587,0.5094411373138428,-0.2938190400600433,0.0,0.0,-0.6774188280105591,0.6748852729797363
0.016520595178008,0.7537948489189148,0.1050646752119064,-0.4035303890705108,0.4937272667884826,-0.3142774701118469,0.0,0.0,-0.6759412884712219,0.8318629264831543
0.0173528678715229,0.7445526123046875,0.0989743024110794,-0.4052198529243469,0.4761542081832886,-0.3514612019062042,0.0,0.0,-0.9121029376983644,0.7882962226867676
0.0180863384157419,0.7352498769760132,0.0903793275356292,-0.407712459564209,0.457310289144516,-0.3768781423568725,0.0,0.0,-0.9035654664039612,0.8524214029312134
0.0187292098999023,0.7258948683738708,0.0828941613435745,-0.4098215997219085,0.4369359910488128,-0.4074861109256744,0.0,0.0,-0.9022564888000488,0.7998120784759521
0.0192771907895803,0.7164872884750366,0.0748905092477798,-0.4120203852653503,0.4151451885700226,-0.4358158111572265,0.0,0.0,-0.8750555515289307,-0.0869170427322387
0.0196783058345317,0.70698082447052,0.060202557593584,-0.4167638123035431,0.3935580849647522,-0.4317421019077301,0.0,0.0,-0.956030547618866,0.9455660581588744
0.019996166229248,0.6974208354949951,0.053626675158739,-0.4190205633640289,0.3703141808509826,-0.4648786187171936,0.0,0.0,-0.9396945238113404,0.3722244501113891
0.0201670639216899,0.6877626180648804,0.0389427728950977,-0.4237691164016723,0.3472745716571808,-0.460792601108551,0.0,0.0,-0.9347761273384094,0.6975288391113281
0.0202334411442279,0.6780371069908142,0.0296367555856704,-0.4268770813941955,0.3232157826423645,-0.4811756014823913,0.0,0.0,-0.9339670538902284,-0.1782313585281372
0.0201531406491994,0.6682140827178955,0.0149611067026853,-0.4316286444664001,0.2993610501289367,-0.4770947992801666,0.0,0.0,-0.938683271408081,-0.0181701183319091
0.0199263580143451,0.6582933664321899,0.0002906731388065,-0.4363794028759002,0.2757098078727722,-0.4730246663093567,0.0,0.0,-0.9722124934196472,-0.1078201532363891
0.0195533744990825,0.6482744812965393,-0.0143727958202362,-0.4411293268203735,0.2522612810134887,-0.4689702987670898,0.0,0.0,-0.9832605123519896,0.393247127532959
0.0190344806760549,0.6381574869155884,-0.0290274713188409,-0.4458784162998199,0.2290144711732864,-0.4649366438388824,0.0,0.0,-0.9714353084564208,0.3502895832061767
0.0183698646724224,0.6279425024986267,-0.0436714589595794,-0.4506265819072723,0.2059680521488189,-0.4609285891056061,0.0,0.0,-0.9860265851020812,-0.3657319545745849
0.0175599101930856,0.6176290512084961,-0.0583027601242065,-0.4553738236427307,0.1831204742193222,-0.4569512903690338,0.0,0.0,-0.9980999827384948,0.4774427413940429
0.0166047103703022,0.607217013835907,-0.0729192793369293,-0.4601201117038727,0.1604699790477752,-0.4530099332332611,0.0,0.0,-0.9979909658432008,0.665621280670166
0.0155540462583303,0.5967150330543518,-0.0813285633921623,-0.4643633067607879,0.1367604881525039,-0.4741897583007812,0.0,0.0,-0.9986278414726256,-0.3812536001205444
0.0143585205078125,0.5861150622367859,-0.0959076806902885,-0.4691125154495239,0.1132438629865646,-0.4703327119350433,0.0,0.0,-0.999865710735321,-0.3167089223861694
0.0130188940092921,0.5754168033599854,-0.1104651913046836,-0.4738607108592987,0.0899175032973289,-0.4665270745754242,0.0,0.0,-0.9999495148658752,-0.522172212600708
0.0114919664338231,0.5646142363548279,-0.130435436964035,-0.4789251983165741,0.0678737834095954,-0.4408744275569916,0.0,0.0,-0.9999815821647644,0.376537561416626
0.0098214149475097,0.5537123680114746,-0.1449418812990188,-0.4836672246456146,0.0460142567753791,-0.4371906816959381,0.0,0.0,-0.9999969005584716,0.5672578811645508
0.0080540655180811,0.5427178740501404,-0.153614267706871,-0.4880891144275665,0.0231689792126417,-0.4569060206413269,0.0,0.0,-0.9999983310699464,-0.1197785139083862
0.0061438558623194,0.5316246151924133,-0.1680561304092407,-0.4928335845470428,0.0005008904845453,-0.453361451625824,0.0,0.0,-0.9999985098838806,0.1922698020935058
0.0040914537385106,0.5204324722290039,-0.1824606955051422,-0.4975770115852356,-0.0219939053058624,-0.4498960971832275,0.0,0.0,-0.9999993443489076,-0.2961864471435547
0.0018972397083416,0.5091411471366882,-0.1968240737915039,-0.5023194551467896,-0.0443196967244148,-0.4465157091617584,0.0,0.0,-0.9999998211860656,-0.0283741950988769
-0.0004384040948934,0.4977505505084991,-0.2111419737339019,-0.5070609450340271,-0.0664809942245483,-0.4432259500026703,0.0,0.0,-0.999999701976776,0.1312934160232544
-0.0029147148597985,0.4862605333328247,-0.2254097908735275,-0.5118016004562378,-0.0884826406836509,-0.4400327205657959,0.0,0.0,-0.999999701976776,0.8594400882720947
-0.0054475786164402,0.4746508002281189,-0.2291072905063629,-0.5175951719284058,-0.1124625578522682,-0.4795984625816345,0.0,0.0,-0.9999914169311525,0.575066089630127
-0.0080825807526707,0.4629411399364471,-0.2386206090450287,-0.5224939584732056,-0.137222871184349,-0.4952066838741302,0.0,0.0,-0.9997390508651732,0.80460524559021
-0.0108002666383981,0.4511291086673736,-0.2456886768341064,-0.5275859236717224,-0.1632497012615203,-0.5205368995666504,0.0,0.0,-0.987389862537384,0.7500518560409546
-0.0135894771665334,0.4391995668411255,-0.2514025568962097,-0.5334590077400208,-0.1908481419086456,-0.5519689321517944,0.0,0.0,-0.8978961110115051,-0.426165223121643
-0.0165153499692678,0.4271738529205322,-0.2653425335884094,-0.5382201671600342,-0.2183149009943008,-0.5493349432945251,0.0,0.0,-0.8445712327957153,-0.4402006864547729
-0.0195770263671875,0.4150517582893371,-0.2791960537433624,-0.5429802536964417,-0.2456566542387008,-0.5468353629112244,0.0,0.0,-0.6576008200645447,-0.8288784027099609
-0.0228424072265625,0.4028577804565429,-0.3016470074653625,-0.5463142395019531,-0.2710610628128052,-0.5080878734588623,0.0,0.0,-0.7861831188201904,0.1589361429214477
-0.0262413974851369,0.3905659019947052,-0.315298467874527,-0.5510643720626831,-0.2963550388813019,-0.5058795213699341,0.0,0.0,-0.873334527015686,-0.5153089165687561
-0.0298190116882324,0.3781943321228027,-0.3346204161643982,-0.5547389984130859,-0.3203196227550506,-0.4792914986610412,0.0,0.0,-0.8610480427742004,-0.8698104023933411
-0.0335772521793842,0.3657587766647339,-0.3542981147766113,-0.5576118230819702,-0.3427749872207641,-0.4491074979305267,0.0,0.0,-0.7937591671943665,-0.950894057750702
-0.0375261306762695,0.3532501459121704,-0.3751761317253113,-0.5607678890228271,-0.3635078072547912,-0.4146564900875091,0.0,0.0,-0.9007298350334167,-0.1033357977867126
-0.0416039451956748,0.3406407833099365,-0.3882918059825897,-0.5654996037483215,-0.3841622769832611,-0.4130900800228119,0.0,0.0,-0.9153010249137878,-0.9530034065246582
-0.0458871833980083,0.3279841840267181,-0.411199152469635,-0.5672444105148315,-0.4024753868579864,-0.3662614226341247,0.0,0.0,-0.935049533843994,-0.8519036769866943
-0.0503562912344932,0.3152587115764618,-0.4314954280853271,-0.5700353384017944,-0.4190542101860046,-0.331575870513916,0.0,0.0,-0.8235841989517212,-0.5501998066902161
-0.0549847595393657,0.3024519085884094,-0.44852215051651,-0.5735245943069458,-0.4345762133598327,-0.3104399442672729,0.0,0.0,-0.7561416625976562,-0.1899574398994445
-0.0597352981567382,0.2895419001579284,-0.4608754217624664,-0.578241765499115,-0.4500550329685211,-0.3095763921737671,0.0,0.0,-0.575929582118988,-0.6590995192527771
-0.0646629333496093,0.2765719592571258,-0.4802804887294769,-0.5805262923240662,-0.4637865126132965,-0.2746294140815735,0.0,0.0,-0.5571463704109192,0.1877651214599609
-0.0697081536054611,0.2634983658790588,-0.4921464323997497,-0.5852397680282593,-0.4774932265281677,-0.2741344571113586,0.0,0.0,-0.3055329918861389,0.3463058471679687
-0.0748682990670204,0.2503211498260498,-0.5037386417388916,-0.5899535417556763,-0.4911845922470093,-0.2738274037837982,0.0,0.0,0.1292454004287719,0.1662304401397705
-0.0799214392900466,0.2378248274326324,-0.4929184913635254,-0.5598819255828857,-0.5051181316375732,-0.2786704897880554,0.0,0.0,0.3518415689468384,-0.2068240642547607
-0.0849340409040451,0.2257252782583236,-0.48882856965065,-0.5424098968505859,-0.5191972255706787,-0.2815817296504974,0.0,0.0,0.3236491680145263,-0.141585111618042
-0.0897522941231727,0.2144171595573425,-0.4693424105644226,-0.5074154734611511,-0.5334554314613342,-0.28516286611557,0.0,0.0,0.1525620222091674,-0.6163609623908997
-0.0945640578866005,0.2035617977380752,-0.4698458313941955,-0.4869818985462188,-0.5464929342269897,-0.2607497274875641,0.0,0.0,0.6197057962417603,-0.4960237145423889
-0.0990735068917274,0.193705067038536,-0.4395174086093902,-0.442775160074234,-0.5597485303878784,-0.2651123702526092,0.0,0.0,0.6434032917022705,-0.9378823041915894
-0.1035191565752029,0.1841785013675689,-0.4349440932273865,-0.4274643063545227,-0.5709985494613647,-0.2249986231327057,0.0,0.0,0.2842278480529785,-0.9471573233604432
-0.1078486442565918,0.1753289997577667,-0.4250553250312805,-0.3967181146144867,-0.5802733898162842,-0.1854971200227737,0.0,0.0,0.4112477302551269,-0.9730168581008912
-0.1121588721871376,0.1668937802314758,-0.4248725771903991,-0.3776028752326965,-0.5875473618507385,-0.1454797685146331,0.0,0.0,0.4803310632705688,-0.9348044991493224
-0.1162145584821701,0.1588937193155288,-0.4011801183223724,-0.3575202524662018,-0.5927672386169434,-0.104397252202034,0.0,0.0,0.6361953020095825,-0.9047333002090454
-0.119932934641838,0.1517867892980575,-0.3690744042396545,-0.3171079754829407,-0.5960607528686523,-0.0658701509237289,0.0,0.0,0.3545892238616943,-0.8604230284690857
-0.1235503181815147,0.1449894309043884,-0.3604775369167328,-0.3026729524135589,-0.597564160823822,-0.0300686508417129,0.0,0.0,0.4329578876495361,-0.7591367959976196
-0.1270251274108886,0.1390269845724105,-0.3473795652389526,-0.2650483846664428,-0.5976917743682861,-0.0025516906753182,0.0,0.0,0.6880471706390381,-0.8761511445045471
-0.1303712874650955,0.1337083429098129,-0.3359269797801971,-0.2357911467552185,-0.5961307287216187,0.0312206055968999,0.0,0.0,0.841056227684021,-0.9760088920593262
-0.1333963423967361,0.1291570961475372,-0.3055396378040313,-0.2009087949991226,-0.5925098657608032,0.0724167227745056,0.0,0.0,0.8038036823272705,-0.8738524913787842
-0.1362935006618499,0.1250965148210525,-0.2942180335521698,-0.1784655898809433,-0.5871684551239014,0.1068276539444923,0.0,0.0,0.5556344985961914,-0.9572634696960448
-0.138965219259262,0.1221450194716453,-0.273211270570755,-0.1285177171230316,-0.5800272226333618,0.1428242772817611,0.0,0.0,0.1017553806304931,-0.9673144817352296
-0.1415804922580719,0.1196022853255271,-0.2692275941371918,-0.1096699014306068,-0.5709466338157654,0.1816102713346481,0.0,0.0,-0.2699832916259765,-0.9989431500434875
-0.1442727148532867,0.1170055493712425,-0.2783336937427521,-0.1115487739443779,-0.560284435749054,0.2132432907819748,0.0,0.0,-0.1538751721382141,-0.9925116300582886
-0.1470337808132171,0.1143542379140853,-0.2866311073303222,-0.1134921461343765,-0.5480784773826599,0.2441194951534271,0.0,0.0,-0.0427628755569458,-0.9945055246353148
-0.1498710662126541,0.1116648018360138,-0.2960864901542663,-0.1145754233002662,-0.5338475704193115,0.2846178412437439,0.0,0.0,-0.1445420384407043,-0.9958744645118712
-0.1527673751115799,0.1089179366827011,-0.3034644722938537,-0.1167101636528968,-0.5180390477180481,0.3161706626415252,0.0,0.0,0.1150906085968017,-0.986141324043274
-0.1555622071027755,0.106762945652008,-0.295162558555603,-0.089928850531578,-0.5003021359443665,0.3547382056713104,0.0,0.0,-0.2656036019325256,-0.9988439679145812
-0.1584271490573883,0.104566603899002,-0.3043833673000335,-0.0912377685308456,-0.4802808761596679,0.4004251956939697,0.0,0.0,0.0836150646209716,-0.9988203644752502
-0.1611105948686599,0.1030595600605011,-0.2881509065628052,-0.0602629706263542,-0.4583458602428436,0.4387003481388092,0.0,0.0,-0.4980272054672241,-0.9985252618789672
-0.1638194024562835,0.101502738893032,-0.29225754737854,-0.0623488016426563,-0.4349448680877685,0.4680200517177582,0.0,0.0,-0.0024618506431579,-0.9882131218910216
-0.1665816307067871,0.0999032109975814,-0.2999467849731445,-0.0639578178524971,-0.4092434644699096,0.5140279531478882,0.0,0.0,0.3217158317565918,-0.9940147995948792
-0.1691801100969314,0.098634272813797,-0.285580039024353,-0.0492058508098125,-0.381706953048706,0.5507305860519409,0.0,0.0,-0.0660509467124939,-0.998453974723816
-0.1718035638332367,0.0973024666309356,-0.2900087833404541,-0.0520704351365566,-0.3524374663829803,0.5853898525238037,0.0,0.0,-0.1649075150489807,-0.9645347595214844
-0.1744358986616134,0.0959046483039856,-0.2925849854946136,-0.0552342347800731,-0.3217140734195709,0.6144676804542542,0.0,0.0,-0.3347126245498657,-0.6494958996772766
-0.1770551651716232,0.094437800347805,-0.2925921976566314,-0.0587028637528419,-0.2899575531482696,0.6351302266120911,0.0,0.0,-0.2429592013359069,-0.5682612061500549
-0.1796531677246093,0.0928963497281074,-0.2916402518749237,-0.0625118911266326,-0.2572910189628601,0.6533304452896118,0.0,0.0,-0.5080286264419556,-0.531921923160553
-0.1822156012058258,0.0912719368934631,-0.2889900207519531,-0.0667981132864952,-0.223993718624115,0.6659461855888367,0.0,0.0,-0.4944467544555664,0.4177323579788208
-0.1847024857997894,0.0895568206906318,-0.2814134359359741,-0.0715941712260246,-0.1909762024879455,0.6603512763977051,0.0,0.0,-0.4665821194648742,0.4605602025985718
-0.1871095597743988,0.0877507999539375,-0.2733548283576965,-0.0763887390494346,-0.1582441478967666,0.6546415090560913,0.0,0.0,-0.1844294667243957,0.7017359733581543
-0.1893743574619293,0.0858304128050804,-0.2574760317802429,-0.0823444873094558,-0.1273290514945984,0.6183024644851685,0.0,0.0,-0.3573924303054809,0.4050389528274536
-0.1915514916181564,0.0838173255324363,-0.2485351115465164,-0.0871275290846824,-0.0967095494270324,0.612390398979187,0.0,0.0,-0.0980067253112793,0.5605099201202393
-0.193603903055191,0.0817107558250427,-0.2350079119205474,-0.0919634625315666,-0.0672268867492675,0.589653730392456,0.0,0.0,-0.2097823619842529,0.936998963356018
-0.1954949349164962,0.0795056894421577,-0.2169196903705597,-0.0969807803630828,-0.0397280752658844,0.549976646900177,0.0,0.0,0.1434552669525146,0.9362807273864746
-0.1972570419311523,0.0778825581073761,-0.2018564194440841,-0.0716517716646194,-0.0144078768789768,0.5064043998718262,0.0,0.0,-0.3325335383415222,0.9798893928527832
-0.1988360434770584,0.0761528611183166,-0.1811321675777435,-0.0768115147948265,0.0085284877568483,0.4587272703647613,0.0,0.0,-0.3093405961990356,0.929534673690796
-0.2002492845058441,0.0743245184421539,-0.1626572757959365,-0.0815145969390869,0.0295903757214546,0.4212381839752197,0.0,0.0,-0.1716776490211486,0.9733288288116456
-0.2014646083116531,0.0724086388945579,-0.1402001678943634,-0.0856201872229576,0.0480271093547344,0.3687347769737243,0.0,0.0,-0.4078558683395386,0.9440240859985352
-0.2024888098239898,0.0703978389501571,-0.1186511367559433,-0.0899664536118507,0.064070925116539,0.3208765387535095,0.0,0.0,-0.308366060256958,0.96136474609375
-0.2033143937587738,0.0682912692427635,-0.0962210148572921,-0.0942677706480026,0.0775894373655319,0.2703706920146942,0.0,0.0,-0.3711754083633423,0.8865789175033569
-0.203947827219963,0.0660968646407127,-0.0746386796236038,-0.098148725926876,0.0887812972068786,0.22383713722229,0.0,0.0,-0.4889408349990845,0.6930793523788452
-0.2044238597154617,0.0637991726398468,-0.057503055781126,-0.1027375981211662,0.0985940843820571,0.1962558776140213,0.0,0.0,-0.3533296585083008,0.8633065223693848
-0.2047178745269775,0.0614092908799648,-0.0372989550232887,-0.1067592203617096,0.1064311116933822,0.1567406356334686,0.0,0.0,-0.1633051037788391,0.962274432182312
-0.2048041820526123,0.0589371547102928,-0.0139059852808713,-0.1102572306990623,0.1116682887077331,0.104743517935276,0.0,0.0,-0.3198699951171875,0.8748347759246826
-0.2047052830457687,0.0563705302774906,0.0065982691012322,-0.1143190860748291,0.1149333119392395,0.0653005540370941,0.0,0.0,-0.2091726660728454,0.7256674766540527
-0.2044216096401214,0.053712423890829,0.0270300395786762,-0.1182430908083915,0.1162620931863784,0.0265758149325847,0.0,0.0,-0.3064162731170654,0.779335618019104
-0.2038237601518631,0.0517380349338054,0.0759998112916946,-0.0865849405527114,0.100092127919197,-0.323490172624588,0.0,1.0,-0.6982654333114624,0.1146806478500366
-0.2031929492950439,0.0498373135924339,0.0820602625608444,-0.0833116993308067,0.0812742635607719,-0.376369446516037,0.0,1.0,-0.7558481097221375,-0.1040095090866088
-0.2025589942932129,0.047854121774435,0.0827033370733261,-0.0872016623616218,0.0621634982526302,-0.3822114169597626,0.0,1.0,-0.5294399857521057,-0.140762448310852
-0.2019253224134445,0.0457700118422508,0.0827044993638992,-0.0919354334473609,0.0430544540286064,-0.3821810185909271,0.0,1.0,-0.5390300750732422,-0.229181170463562
-0.2012917101383209,0.0435849763453006,0.0827069357037544,-0.0966663807630539,0.0239458922296762,-0.3821713924407959,0.0,1.0,-0.3253557682037353,-0.1055833101272583
-0.2006498873233795,0.0413508042693138,0.0844767168164253,-0.099095270037651,0.0039118160493671,-0.4006821513175964,0.0,1.0,-0.0050587654113769,0.1874810457229614
-0.2000055760145187,0.0390328019857406,0.0850425437092781,-0.1030963510274887,-0.0164301041513681,-0.4068384170532226,0.0,1.0,-0.018193781375885,0.3116222620010376
-0.1993589401245117,0.0366294011473655,0.0855513587594032,-0.1071735173463821,-0.037060473114252,-0.4126072824001312,0.0,1.0,0.2637199163436889,0.500067949295044
-0.198587417602539,0.0348379723727703,0.0988752841949462,-0.08029505610466,-0.0585319586098194,-0.429429829120636,0.0,0.0,-0.4381872415542602,-0.3744904994964599
-0.1976909637451172,0.0329473353922367,0.1116836816072464,-0.0850357711315155,-0.0803409144282341,-0.4361791014671325,0.0,0.0,-0.1401267051696777,-0.2629323601722717
-0.196668341755867,0.0309576373547315,0.1246051341295242,-0.0897782742977142,-0.1024884060025215,-0.4429500699043274,0.0,0.0,0.0322480201721191,-0.8369026184082031
-0.1954791992902755,0.0295559503138065,0.1398596614599228,-0.0638636946678161,-0.1232951283454895,-0.4161345064640045,0.0,0.0,-0.5268052220344543,-0.9062778949737548
-0.1942444741725921,0.0280708651989698,0.1425999701023101,-0.067695751786232,-0.1423369795083999,-0.3808371424674988,0.0,0.0,0.207733154296875,-0.8729053735733032
-0.1929488182067871,0.0270642135292291,0.1472705751657486,-0.0465268678963184,-0.1600061953067779,-0.3533847332000732,0.0,0.0,-0.5982611775398254,-0.9477928876876832
-0.1915905028581619,0.0259834621101617,0.1520519703626632,-0.0498601645231246,-0.1762507408857345,-0.3248910009860992,0.0,0.0,-0.2015107870101928,-0.968841791152954
-0.1901834458112716,0.0248324014246463,0.1550876647233963,-0.0529281049966812,-0.1906911581754684,-0.2888080477714538,0.0,0.0,-0.3006502389907837,-0.876560628414154
-0.1887110769748687,0.0235965102910995,0.1602399051189422,-0.0566537342965602,-0.2037747502326965,-0.2616714537143707,0.0,0.0,-0.3693856000900268,-0.8833779096603394
-0.1871072798967361,0.0230375379323959,0.1552221477031707,-0.0241442508995533,-0.1985769569873809,0.1039567813277244,1.0,0.0,0.0734121799468994,-0.8175678849220276
-0.185590460896492,0.0230326037853956,0.144921600818634,0.000673456757795,-0.1917737871408462,0.1360635310411453,1.0,0.0,-0.2351810932159423,-0.935456931591034
-0.1841646134853363,0.0229457002133131,0.1334733068943023,-0.002713058842346,-0.1826254278421402,0.1829670965671539,0.0,0.0,-0.2199628353118896,-0.8359787464141846
-0.1826681196689605,0.0227716788649559,0.1392968446016311,-0.006489829160273,-0.1722347438335418,0.2078136503696441,0.0,0.0,-0.2261980175971985,-0.8422646522521973
-0.1811137199401855,0.0225056037306785,0.1435002833604812,-0.0104881562292575,-0.1602877974510193,0.2389388382434845,0.0,0.0,-0.5148878693580627,-0.9315429329872132
-0.1794856041669845,0.0221579167991876,0.1496405899524688,-0.0140871796756982,-0.1471340358257293,0.2630755305290222,0.0,0.0,-0.357026994228363,-0.8904805183410645
-0.177782729268074,0.0217183213680982,0.1559311747550964,-0.0181838367134332,-0.1328255236148834,0.28617063164711,0.0,0.0,-0.3499071598052978,-0.7941982746124268
-0.1760021150112152,0.02118338085711,0.1626056134700775,-0.0224690437316894,-0.1174411624670028,0.3076868653297424,0.0,0.0,-0.360764741897583,-0.899485170841217
-0.1741597205400467,0.0205606073141098,0.1672326624393463,-0.0264300592243671,-0.100552849471569,0.3377663195133209,0.0,0.0,-0.4096602201461792,-0.9257718324661256
-0.1722729653120041,0.0198538638651371,0.1696676462888717,-0.0302370954304933,-0.0817137211561203,0.3767825067043304,0.0,0.0,-0.2271689176559448,-0.629654586315155
-0.1703063994646072,0.0190484151244163,0.1765748560428619,-0.0348219759762287,-0.0618380568921566,0.3975133597850799,0.0,0.0,-0.3061615824699402,-0.4896591305732727
-0.1682754456996917,0.0186503753066062,0.1977527737617492,-0.0174970962107181,-0.0566000901162624,0.1047142520546913,0.0,1.0,-0.9491291642189026,0.5616915225982666
-0.1661942452192306,0.018144903704524,0.2040765285491943,-0.0223290584981441,-0.0526298098266124,0.0793713480234146,0.0,1.0,-0.9480148553848268,0.3496186733245849
-0.1641147583723068,0.0175461620092391,0.2042548656463623,-0.0264930948615074,-0.0490048266947269,0.0724691003561019,0.0,1.0,-0.8978595733642578,0.7188632488250732
-0.1619823426008224,0.0168440677225589,0.2108949720859527,-0.031136492267251,-0.046707410365343,0.0459282472729682,0.0,1.0,-0.8805758953094482,0.2700557708740234
-0.1598513573408126,0.0160468444228172,0.2110470980405807,-0.0353773944079875,-0.0447035618126392,0.0400590300559997,0.0,1.0,-0.8584973216056824,0.035009741783142
-0.1577242910861969,0.015171012841165,0.2114398777484893,-0.0388916209340095,-0.0434554405510425,0.0249459519982337,0.0,1.0,-0.8351191282272339,0.3201155662536621
-0.1556009352207183,0.0142167182639241,0.2118345201015472,-0.0423994734883308,-0.0429660938680172,0.0097720753401517,0.0,1.0,-0.7532379031181335,0.4875952005386352
-0.1534812897443771,0.0131841758266091,0.2122301608324051,-0.0459044948220253,-0.0432369485497474,-0.0054302047938108,0.0,1.0,-0.6422132253646851,0.2917840480804443
-0.1513653695583343,0.0120732402428984,0.2126260250806808,-0.0494101122021675,-0.0442678146064281,-0.0206293668597936,0.0,1.0,-0.5322098135948181,0.0251655578613281
-0.14925317466259,0.010883841663599,0.2130207568407058,-0.0529199689626693,-0.0460570193827152,-0.0357944518327713,0.0,1.0,-0.5351347327232361,0.3281348943710327
-0.1471447050571441,0.0096158720552921,0.2134131640195846,-0.0564375407993793,-0.0486012585461139,-0.0508943386375904,0.0,1.0,-0.4683762788772583,-0.1956304311752319
-0.1450398415327072,0.0082691879943013,0.2138022184371948,-0.0599662289023399,-0.051895759999752,-0.0658984631299972,0.0,1.0,-0.2769910097122192,0.2722417116165161
-0.142938807606697,0.0068436120636761,0.2141869515180587,-0.0635093078017234,-0.0559342615306377,-0.0807774364948272,0.0,1.0,-0.3468786478042602,0.0702714920043945
-999.0,0.006293723359704,0.2102271616458892,-0.0242825057357549,-0.0515202656388282,0.0882744342088699,1.0,1.0,-0.7414209246635437,-0.9944868683815002
-0.1387196481227874,0.005771730095148,0.2028916180133819,-0.0230579413473606,-0.0472571551799774,0.085255816578865,1.0,1.0,-0.8060653805732727,-0.9718478322029114
-0.1367153227329254,0.0052600000053644,0.1962582468986511,-0.0226192772388458,-0.0431314297020435,0.0825092419981956,1.0,1.0,-0.8175321221351624,-0.9869184494018556
-0.1348114907741546,0.0047717308625578,0.1864137202501297,-0.0215902980417013,-0.0392105802893638,0.0784125626087188,1.0,1.0,-0.7473562359809875,-0.984282612800598
-0.1329836845397949,0.0043014860711991,0.178967073559761,-0.0208059884607791,-0.0354444310069084,0.0753191411495208,1.0,1.0,-0.8299222588539124,-0.9586268663406372
-0.1312484741210937,0.0038534139748662,0.1699111461639404,-0.0198327098041772,-0.0318669937551021,0.0715451836585998,1.0,1.0,-0.5905895829200745,-0.9961499571800232
-0.1295825988054275,0.0034219718072563,0.1631035804748535,-0.019105888903141,-0.0284311790019273,0.0687131136655807,1.0,1.0,-0.7858425974845886,-0.9199132919311525
-0.1280043572187423,0.0030118441209197,0.1545218676328659,-0.0181688126176595,-0.0251745041459798,0.0651309341192245,1.0,1.0,-0.7707198858261108,-0.9525790810585022
-0.1264971792697906,0.0026191330980509,0.147575169801712,-0.0174048505723476,-0.0220627803355455,0.0622321888804435,1.0,1.0,-0.683485746383667,-0.9818292260169984
-0.1250948905944824,0.0022526001557707,0.137293592095375,-0.0162518750876188,-0.0191663783043622,0.0579256191849708,1.0,1.0,-0.8290361762046814,-0.989651381969452
-0.1237680464982986,0.0019049501279368,0.1299051493406295,-0.0154192708432674,-0.0164246726781129,0.0548323802649974,1.0,1.0,-0.790885865688324,-0.9755237102508544
-0.1225470528006553,0.0015841579297557,0.1195471286773681,-0.0142333041876554,-0.0139004392549395,0.0504832938313484,1.0,1.0,-0.6317058801651001,-0.8923242688179016
-0.121393397450447,0.0012806392041966,0.1129393577575683,-0.0134693467989563,-0.0115149123594164,0.0477092042565345,1.0,1.0,-0.8188490271568298,-0.9732128381729126
-0.1203333884477615,0.0010009026154875,0.1037781983613967,-0.0124180549755692,-0.009321866557002,0.0438596867024898,1.0,1.0,-0.8442742228507996,-0.9709353446960448
-0.1193808540701866,0.0007490253192372,0.093258686363697,-0.0111836735159158,-0.0073504135943949,0.0394281707704067,1.0,1.0,-0.8120983839035034,-0.9420182108879088
-0.1184969916939735,0.0005151009536348,0.0865258127450943,-0.0103888344019651,-0.0055208005942404,0.0365911908447742,1.0,1.0,-0.719343364238739,-0.9410149455070496
-0.1177019104361534,0.0003040647425223,0.0778443664312362,-0.0093754734843969,-0.0038740660529583,0.0329341143369674,1.0,1.0,-0.7594380974769592,-0.942858099937439
-0.1169957146048545,0.0001164531713584,0.0691352188587188,-0.0083342604339122,-0.002411235589534,0.0292556788772344,1.0,1.0,-0.8672810792922974,-0.9025242924690248
-0.1163563728332519,-5.352735388441943e-05,0.0625886097550392,-0.0075541604310274,-0.0010866360971704,0.0264913793653249,1.0,1.0,-0.7618345022201538,-0.7351096868515015
-0.1157844513654708,-0.0002058053069049,0.0560006722807884,-0.0067668561823666,9.878355922410265e-05,0.0237080380320549,1.0,1.0,-0.8013298511505127,-0.765380859375
-0.1152682304382324,-0.0003433489764574,0.0505337230861187,-0.0061141969636082,0.0011687254300341,0.0213983189314603,1.0,1.0,-0.7410317659378052,-0.8657716512680054
-0.1148379296064376,-0.0004583263362292,0.0421231612563133,-0.0051111998036503,0.0020609288476407,0.0178438518196344,1.0,1.0,-0.8053525686264038,-0.4926420450210571
-0.1144065856933593,-0.0005731606506742,0.0422244556248188,-0.005105419550091,0.0029549656901508,0.0178806278854608,1.0,1.0,-0.7032819390296936,-0.316537857055664
-0.1139742881059646,-0.0006887101917527,0.0423257462680339,-0.0051376759074628,0.0038516209460794,0.0179325751960277,1.0,1.0,-0.833061933517456,-0.536031186580658
-0.1136306747794151,-0.0006901407032273,0.0343599133193492,-6.232777377590537e-05,0.0038511075545102,-1.4817769624642096e-05,1.0,1.0,-0.73136305809021,-0.1895195841789245
-0.1132972687482833,-0.0006892824312672,0.0333412364125251,3.750308678718284e-05,0.0038516954518854,7.300056495296303e-06,1.0,1.0,-0.7426428198814392,0.0320740938186645
-0.1129737868905067,-0.0006892824312672,0.0323519706726074,1.0158347549804605e-06,0.0038518868386745,1.8150576863718013e-07,1.0,1.0,-0.8554569482803345,0.0263507366180419
-0.112660214304924,-0.0006892824312672,0.0313552170991897,-5.78147194119083e-07,0.0038521066308021,1.3231441471361904e-06,1.0,1.0,-0.7117477059364319,-0.0844925642013549
-0.1123565658926963,-0.0006895685219205,0.0303611643612384,-1.4254857887863182e-05,0.0038520358502864,-3.3848932616820093e-06,1.0,1.0,-0.8121394515037537,-0.083323061466217
-0.112062931060791,-0.0006895685219205,0.0293611139059066,-1.8891974207235762e-07,0.0038521373644471,-4.6001776610182794e-08,1.0,0.0,-0.4232245683670044,0.1479312181472778
-0.1117793098092079,-0.0006895685219205,0.0283639319241046,9.412396195784822e-08,0.0038522193208336,2.4363993489373573e-08,1.0,0.0,-0.7083735466003418,0.2733118534088135
-0.1115056052803993,-0.0006895685219205,0.0273668058216571,6.743988922863764e-09,0.0038522903341799,1.1479808215142382e-09,1.0,0.0,-0.5095558166503906,0.0590571165084838
-0.111241914331913,-0.0006895685219205,0.0263697542250156,-6.782205463906621e-09,0.0038523515686392,2.7624669218795356e-10,1.0,0.0,-0.6356207132339478,0.1404728889465332
-0.1109881401062011,-0.0006895685219205,0.0253726877272129,-6.698122501092031e-09,0.0038523979019373,-4.0456510363995335e-10,1.0,0.0,-0.7358477711677551,0.1585526466369629
-0.1107443794608116,-0.0006895685219205,0.0243756175041198,-2.211255623052466e-09,0.0038524337578564,-1.4681040383379697e-08,1.0,0.0,-0.5171838402748108,0.2560915946960449
-0.1105106323957443,-0.0006895685219205,0.0233785472810268,5.554826598697105e-10,0.0038524698466062,-2.281279165572414e-08,1.0,0.0,-0.2467472553253173,0.0382136106491088
-0.1102868095040321,-0.0006895685219205,0.0223814770579338,1.1606583472101304e-09,0.0038524980191141,-1.8103605725627855e-08,1.0,0.0,-0.6884073615074158,0.5057363510131836
-0.1100251227617263,-0.0006895685219205,0.026170989498496,1.5162614772634695e-06,0.0038525301497429,3.60152000666858e-07,1.0,0.0,-0.8250500559806824,0.0742425918579101
-0.1097733527421951,-0.0006895685219205,0.0251745544373989,-1.495445758337155e-06,0.0038525303825736,-3.527135845615703e-07,1.0,0.0,-0.5064452290534973,0.0880308151245117
-0.1095315963029861,-0.0006895685219205,0.024177199229598,-3.092334566190402e-08,0.0038525427225977,-6.862157508891187e-09,1.0,0.0,-0.2913848161697387,0.2280429601669311
-0.1092997565865516,-0.0006895685219205,0.0231800861656665,1.0663447014280793e-08,0.0038525543641299,1.0294740171445936e-08,1.0,0.0,-0.6369875073432922,0.1983629465103149
-0.1090779304504394,-0.0006895685219205,0.0221830047667026,6.694898857517728e-09,0.0038525587879121,8.587964783757228e-10,1.0,0.0,-0.7236199975013733,0.295249342918396
-0.1088660210371017,-0.0006895685219205,0.0211859345436096,2.938650878192561e-09,0.0038525629788637,-4.903663697319871e-09,1.0,0.0,-0.3661643266677856,0.3762886524200439
-0.1086641326546669,-0.0006895685219205,0.0201888643205165,-6.815689679307013e-11,0.0038525662384927,-2.345269400905181e-08,1.0,0.0,-0.4281726479530334,0.2940804958343506
-0.1084722504019737,-0.0006895685219205,0.0191917922347784,-1.4015454352644952e-09,0.0038525711279362,-6.414017317268872e-09,1.0,0.0,-0.6461870074272156,0.2452616691589355
-0.1082902923226356,-0.0006895685219205,0.0181947220116853,-1.306491692609768e-09,0.003852566005662,-1.4635131329043816e-08,1.0,0.0,-0.6067731976509094,0.0406575202941894
-0.1081183403730392,-0.0006895685219205,0.0171976499259471,-1.7655812922789946e-10,0.0038525685667991,-2.3612146904383732e-08,1.0,0.0,-0.7653931379318237,0.2814412117004394
-0.1079563125967979,-0.0006895685219205,0.0162005759775638,4.460795621774593e-10,0.0038525643758475,-2.2580941561045623e-08,1.0,0.0,-0.842789351940155,-0.004067838191986
-0.1078042984008789,-0.0006895685219205,0.0152035038918256,7.379789557226957e-10,0.0038525597192347,-4.2804186861644675e-09,1.0,0.0,-0.5391353964805603,0.0082812309265136
-0.1076622009277343,-0.0006895685219205,0.0142064318060874,3.6428451921644007e-10,0.0038525625132024,-2.0618514895431872e-08,1.0,0.0,-0.6222378015518188,0.4000134468078613
-0.1075301170349121,-0.0006895685219205,0.0132093597203493,5.5551240690787645e-11,0.0038525569252669,-2.1689007922987006e-08,1.0,0.0,-0.6609874367713928,0.1971832513809204
-0.1074079498648643,-0.0006895685219205,0.0122122885659337,-1.1384877485198786e-09,0.0038525525014847,-1.5629192162691652e-08,1.0,0.0,-0.5445133447647095,-0.1091480255126953
-0.1072957962751388,-0.0006895685219205,0.0112152164801955,-1.141662209214189e-09,0.0038525480777025,-1.6225305543571267e-08,1.0,0.0,-0.18059903383255,-0.2299985289573669
-0.1071936637163162,-0.0006895685219205,0.0102181453257799,-1.1517840015073944e-09,0.0038525429554283,-1.4222133692953776e-08,1.0,0.0,-0.7485877275466919,-0.0619503855705261
-0.1071014404296875,-0.0006895685219205,0.0092210732400417,-1.675141247936551e-09,0.0038525452837347,-1.3074187954487117e-08,1.0,0.0,-0.6559950113296509,0.2776162624359131
-0.107019230723381,-0.0006895685219205,0.0082240011543035,-1.929670867539812e-09,0.0038525334093719,-1.3140260435307029e-08,1.0,0.0,-0.6688963770866394,0.0912351608276367
-0.1069469451904296,-0.0006895685219205,0.0072269290685653,-2.640062168879353e-09,0.0038525357376784,-1.3096726370065426e-08,1.0,0.0,-0.7236184477806091,0.4174095392227173
-0.1068846732378006,-0.0006895685219205,0.0062298579141497,-3.13582337874152e-09,0.0038525320123881,-1.4025592243172014e-08,1.0,0.0,-0.8200363516807556,0.1911954879760742
-0.1068323105573654,-0.0006895685219205,0.0052327858284115,-3.2177103204134024e-09,0.0038525264244526,-8.074345636543967e-09,1.0,0.0,-0.5667335987091064,0.0492293834686279
-0.1067899689078331,-0.0006895685219205,0.0042357142083346,-3.1225229069065112e-09,0.0038525213021785,-1.417242412316e-08,1.0,0.0,-0.7035233974456787,-0.0734685063362121
-0.1067575439810752,-0.0006895685219205,0.0032386425882577,-2.935494070044342e-09,0.0038525161799043,-1.4062154107818971e-08,1.0,0.0,-0.396153450012207,0.1898202896118164
-0.1067351326346397,-0.0006895685219205,0.0022415707353502,-2.7218653997351794e-09,0.0038525103591382,-1.4243498824839662e-08,1.0,0.0,-0.813758373260498,0.3072602748870849
-0.1067227348685264,-0.0006895685219205,0.001244498649612,-1.9429957642813633e-09,0.003852505935356,-1.2643786462263053e-08,1.0,0.0,-0.6280956268310547,0.3274838924407959
-0.1067202538251876,-0.0006895685219205,0.0002474268549121,-1.634209545464671e-09,0.0038525005802512,-1.7948789121646772e-08,1.0,0.0,-0.6651074886322021,0.1685322523117065
-0.1067226380109787,-0.0006895685219205,-0.0002453049528412,-5.047373292654811e-07,0.0038561564870178,7.126043055905029e-05,1.0,0.0,-0.7113128900527954,-0.0155645608901977
-0.1067250221967697,-0.0006895685219205,-0.0002411977184237,-5.016887598685571e-07,0.0038597576785832,7.006649684626609e-05,1.0,0.0,-0.7815254330635071,0.4580100774765014
-0.1067257896065712,-0.0006895685219205,-7.7434116974473e-05,-1.6154767479292786e-07,0.0038609181065112,2.2496107703773305e-05,1.0,0.0,-0.8271973729133606,0.160460352897644
-0.1067254990339279,-0.0006895685219205,2.8194688638905063e-05,5.9227016180329883e-08,0.0038604943547397,-8.192643690563273e-06,1.0,0.0,-0.5016477704048157,0.1805949211120605
-0.1067250221967697,-0.0006895685219205,4.370701208245009e-05,9.173488280111997e-08,0.0038598272949457,-1.2699807484750636e-05,1.0,0.0,-0.6671088933944702,0.1786823272705078
-0.1067248359322547,-0.0006895685219205,1.9341276129125617e-05,3.9998482748160313e-08,0.0038595295045524,-5.623519427899737e-06,1.0,0.0,-0.7178725600242615,-0.0272192358970642
-0.1067248359322547,-0.0006895685219205,-1.6410943999289884e-06,-3.543303206399173e-09,0.0038595399819314,4.76442068020333e-07,1.0,0.0,-0.7315769791603088,0.0382411479949951
-0.1067249327898025,-0.0006895685219205,-7.388759058812866e-06,-1.5440079437212262e-08,0.0038596561644226,2.1472881144291023e-06,1.0,0.0,-0.8376111388206482,0.0543346405029296
-0.1067249327898025,-0.0006895685219205,-4.290502147341613e-06,-8.921915650716983e-09,0.003859716001898,1.2488860647863476e-06,1.0,0.0,-0.7256097793579102,0.1211330890655517
-0.1067249327898025,-0.0006895685219205,-3.91286164358462e-07,-8.101517234848642e-10,0.0038597299717366,1.1710103819950747e-07,1.0,0.0,-0.6563057899475098,0.2634631395339966
-0.1067249327898025,-0.0006895685219205,1.1462941529316597e-06,2.76430522916371e-09,0.0038597197271883,-3.398322689918132e-07,1.0,0.0,-0.761114239692688,0.1141389608383178
-0.1067249327898025,-0.0006895685219205,8.776983122515958e-07,1.993796683308346e-09,0.0038597059901803,-2.6267568387083884e-07,1.0,0.0,-0.2875873446464538,0.310301661491394
-0.1067249327898025,-0.0006895685219205,2.0123343347222547e-07,5.264663149873171e-10,0.0038597015663981,-6.044597000709473e-08,1.0,0.0,-0.5814512968063354,0.2773151397705078
-0.1067249327898025,-0.0006895685219205,-1.5604891245857289e-07,-1.2979037289362338e-10,0.0038597041275352,5.0979007681917217e-08,1.0,0.0,-0.8545157313346863,-0.268990159034729
-0.1067249327898025,-0.0006895685219205,-1.693150579740177e-07,-5.369594213711082e-10,0.0038597059901803,4.9354433429016353e-08,1.0,0.0,-0.6157926321029663,0.0333120822906494
-0.1067249327898025,-0.0006895685219205,-6.011190123444976e-08,-3.195647080289632e-10,0.0038597073871642,1.4047745189316174e-08,1.0,0.0,-0.7588616013526917,0.4163612127304077
-0.1067249327898025,-0.0006895685219205,1.9276532370327004e-08,1.7936789553640864e-10,0.003859706223011,-2.1157019247652897e-08,1.0,0.0,-0.670556366443634,0.2049145698547363
-0.1067249327898025,-0.0006895685219205,3.275180660011756e-08,2.03185970652775e-12,0.0038597045931965,-2.0654338683812057e-08,1.0,0.0,-0.7507929801940918,0.3535367250442505
-0.1067249327898025,-0.0006895685219205,1.861344678388832e-08,8.423866465490093e-11,0.0038597034290432,-2.2979703473424703e-08,1.0,0.0,-0.6421775817871094,0.2487547397613525
-0.1067249327898025,-0.0006895685219205,5.256640456252626e-09,-1.7354719050732823e-10,0.0038597017992287,-1.6420246495840732e-08,1.0,0.0,-0.7874358892440796,0.275160551071167
-0.1067249327898025,-0.0006895685219205,-5.0639772375404846e-09,-2.4136620480064153e-10,0.0038597024977207,1.223170720265898e-08,1.0,0.0,-0.5028902888298035,0.3248891830444336
-0.1067249327898025,-0.0006895685219205,-1.0329898714189769e-08,1.5903381389570368e-10,0.003859702963382,2.3154520079060603e-08,1.0,0.0,-0.4730944633483886,0.2693666219711303
-0.1067249327898025,-0.0006895685219205,0.0,0.0,0.0038597041275352,0.0,1.0,0.0,-0.4730944633483886,0.2693666219711303
